Date	Annee	Mois	Jour	Qls	Qm3s
19960101	1996	1	1	257000	257
19960102	1996	1	2	228000	228
19960103	1996	1	3	219000	219
19960104	1996	1	4	235000	235
19960105	1996	1	5	230000	230
19960106	1996	1	6	205000	205
19960107	1996	1	7	243000	243
19960108	1996	1	8	255000	255
19960109	1996	1	9	257000	257
19960110	1996	1	10	255000	255
19960111	1996	1	11	282000	282
19960112	1996	1	12	320000	320
19960113	1996	1	13	347000	347
19960114	1996	1	14	303000	303
19960115	1996	1	15	271000	271
19960116	1996	1	16	246000	246
19960117	1996	1	17	235000	235
19960118	1996	1	18	222000	222
19960119	1996	1	19	191000	191
19960120	1996	1	20	200000	200
19960121	1996	1	21	190000	190
19960122	1996	1	22	286000	286
19960123	1996	1	23	187000	187
19960124	1996	1	24	189000	189
19960125	1996	1	25	207000	207
19960126	1996	1	26	190000	190
19960127	1996	1	27	183000	183
19960128	1996	1	28	174000	174
19960129	1996	1	29	161000	161
19960130	1996	1	30	154000	154
19960131	1996	1	31	157000	157
19960201	1996	2	1	161000	161
19960202	1996	2	2	157000	157
19960203	1996	2	3	153000	153
19960204	1996	2	4	169000	169
19960205	1996	2	5	205000	205
19960206	1996	2	6	184000	184
19960207	1996	2	7	174000	174
19960208	1996	2	8	163000	163
19960209	1996	2	9	168000	168
19960210	1996	2	10	170000	170
19960211	1996	2	11	167000	167
19960212	1996	2	12	187000	187
19960213	1996	2	13	294000	294
19960214	1996	2	14	385000	385
19960215	1996	2	15	449000	449
19960216	1996	2	16	440000	440
19960217	1996	2	17	402000	402
19960218	1996	2	18	364000	364
19960219	1996	2	19	357000	357
19960220	1996	2	20	402000	402
19960221	1996	2	21	404000	404
19960222	1996	2	22	382000	382
19960223	1996	2	23	357000	357
19960224	1996	2	24	337000	337
19960225	1996	2	25	349000	349
19960226	1996	2	26	356000	356
19960227	1996	2	27	304000	304
19960228	1996	2	28	301000	301
19960229	1996	2	29	293000	293
19960301	1996	3	1	299000	299
19960302	1996	3	2	290000	290
19960303	1996	3	3	280000	280
19960304	1996	3	4	253000	253
19960305	1996	3	5	239000	239
19960306	1996	3	6	231000	231
19960307	1996	3	7	234000	234
19960308	1996	3	8	219000	219
19960309	1996	3	9	209000	209
19960310	1996	3	10	199000	199
19960311	1996	3	11	195000	195
19960312	1996	3	12	203000	203
19960313	1996	3	13	194000	194
19960314	1996	3	14	165000	165
19960315	1996	3	15	173000	173
19960316	1996	3	16	165000	165
19960317	1996	3	17	168000	168
19960318	1996	3	18	163000	163
19960319	1996	3	19	148000	148
19960320	1996	3	20	145000	145
19960321	1996	3	21	157000	157
19960322	1996	3	22	142000	142
19960323	1996	3	23	145000	145
19960324	1996	3	24	140000	140
19960325	1996	3	25	141000	141
19960326	1996	3	26	136000	136
19960327	1996	3	27	132000	132
19960328	1996	3	28	127000	127
19960329	1996	3	29	125000	125
19960330	1996	3	30	103000	103
19960331	1996	3	31	113000	113
19960401	1996	4	1	117000	117
19960402	1996	4	2	128000	128
19960403	1996	4	3	115000	115
19960404	1996	4	4	114000	114
19960405	1996	4	5	117000	117
19960406	1996	4	6	116000	116
19960407	1996	4	7	114000	114
19960408	1996	4	8	114000	114
19960409	1996	4	9	115000	115
19960410	1996	4	10	115000	115
19960411	1996	4	11	107000	107
19960412	1996	4	12	107000	107
19960413	1996	4	13	115000	115
19960414	1996	4	14	107000	107
19960415	1996	4	15	109000	109
19960416	1996	4	16	102000	102
19960417	1996	4	17	101000	101
19960418	1996	4	18	100000	100
19960419	1996	4	19	106000	106
19960420	1996	4	20	102000	102
19960421	1996	4	21	97100	97.1
19960422	1996	4	22	98100	98.1
19960423	1996	4	23	95100	95.1
19960424	1996	4	24	96400	96.4
19960425	1996	4	25	93400	93.4
19960426	1996	4	26	93500	93.5
19960427	1996	4	27	88500	88.5
19960428	1996	4	28	89700	89.7
19960429	1996	4	29	91100	91.1
19960430	1996	4	30	87700	87.7
19960501	1996	5	1	87400	87.4
19960502	1996	5	2	90000	90
19960503	1996	5	3	87400	87.4
19960504	1996	5	4	85600	85.6
19960505	1996	5	5	86200	86.2
19960506	1996	5	6	80900	80.9
19960507	1996	5	7	83600	83.6
19960508	1996	5	8	86400	86.4
19960509	1996	5	9	82400	82.4
19960510	1996	5	10	80600	80.6
19960511	1996	5	11	80000	80
19960512	1996	5	12	80900	80.9
19960513	1996	5	13	83000	83
19960514	1996	5	14	82700	82.7
19960515	1996	5	15	83200	83.2
19960516	1996	5	16	84400	84.4
19960517	1996	5	17	91100	91.1
19960518	1996	5	18	105000	105
19960519	1996	5	19	104000	104
19960520	1996	5	20	102000	102
19960521	1996	5	21	143000	143
19960522	1996	5	22	136000	136
19960523	1996	5	23	124000	124
19960524	1996	5	24	104000	104
19960525	1996	5	25	106000	106
19960526	1996	5	26	103000	103
19960527	1996	5	27	105000	105
19960528	1996	5	28	110000	110
19960529	1996	5	29	121000	121
19960530	1996	5	30	110000	110
19960531	1996	5	31	106000	106
19960601	1996	6	1	102000	102
19960602	1996	6	2	93700	93.7
19960603	1996	6	3	97500	97.5
19960604	1996	6	4	96000	96
19960605	1996	6	5	94800	94.8
19960606	1996	6	6	86400	86.4
19960607	1996	6	7	81000	81
19960608	1996	6	8	81000	81
19960609	1996	6	9	85900	85.9
19960610	1996	6	10	81300	81.3
19960611	1996	6	11	75400	75.4
19960612	1996	6	12	79200	79.2
19960613	1996	6	13	76600	76.6
19960614	1996	6	14	72600	72.6
19960615	1996	6	15	67100	67.1
19960616	1996	6	16	69000	69
19960617	1996	6	17	65800	65.8
19960618	1996	6	18	61800	61.8
19960619	1996	6	19	65500	65.5
19960620	1996	6	20	62400	62.4
19960621	1996	6	21	58900	58.9
19960622	1996	6	22	54800	54.8
19960623	1996	6	23	58100	58.1
19960624	1996	6	24	57800	57.8
19960625	1996	6	25	59800	59.8
19960626	1996	6	26	57000	57
19960627	1996	6	27	54800	54.8
19960628	1996	6	28	49900	49.9
19960629	1996	6	29	55400	55.4
19960630	1996	6	30	55400	55.4
19960701	1996	7	1	55500	55.5
19960702	1996	7	2	56000	56
19960703	1996	7	3	54600	54.6
19960704	1996	7	4	57400	57.4
19960705	1996	7	5	90300	90.3
19960706	1996	7	6	76900	76.9
19960707	1996	7	7	84700	84.7
19960708	1996	7	8	85900	85.9
19960709	1996	7	9	78400	78.4
19960710	1996	7	10	71700	71.7
19960711	1996	7	11	75400	75.4
19960712	1996	7	12	76500	76.5
19960713	1996	7	13	72600	72.6
19960714	1996	7	14	68700	68.7
19960715	1996	7	15	79200	79.2
19960716	1996	7	16	57500	57.5
19960717	1996	7	17	60300	60.3
19960718	1996	7	18	62300	62.3
19960719	1996	7	19	53900	53.9
19960720	1996	7	20	62700	62.7
19960721	1996	7	21	61200	61.2
19960722	1996	7	22	60700	60.7
19960723	1996	7	23	57200	57.2
19960724	1996	7	24	51300	51.3
19960725	1996	7	25	53300	53.3
19960726	1996	7	26	53600	53.6
19960727	1996	7	27	55400	55.4
19960728	1996	7	28	58100	58.1
19960729	1996	7	29	57200	57.2
19960730	1996	7	30	55700	55.7
19960731	1996	7	31	51900	51.9
19960801	1996	8	1	53300	53.3
19960802	1996	8	2	51900	51.9
19960803	1996	8	3	46400	46.4
19960804	1996	8	4	49900	49.9
19960805	1996	8	5	54000	54
19960806	1996	8	6	56300	56.3
19960807	1996	8	7	52200	52.2
19960808	1996	8	8	56600	56.6
19960809	1996	8	9	56500	56.5
19960810	1996	8	10	61500	61.5
19960811	1996	8	11	60400	60.4
19960812	1996	8	12	79200	79.2
19960813	1996	8	13	73400	73.4
19960814	1996	8	14	68200	68.2
19960815	1996	8	15	71600	71.6
19960816	1996	8	16	68500	68.5
19960817	1996	8	17	64700	64.7
19960818	1996	8	18	64200	64.2
19960819	1996	8	19	62600	62.6
19960820	1996	8	20	63800	63.8
19960821	1996	8	21	63800	63.8
19960822	1996	8	22	92900	92.9
19960823	1996	8	23	87100	87.1
19960824	1996	8	24	83600	83.6
19960825	1996	8	25	58800	58.8
19960826	1996	8	26	74200	74.2
19960827	1996	8	27	72800	72.8
19960828	1996	8	28	70500	70.5
19960829	1996	8	29	70500	70.5
19960830	1996	8	30	70800	70.8
19960831	1996	8	31	73200	73.2
19960901	1996	9	1	73400	73.4
19960902	1996	9	2	71900	71.9
19960903	1996	9	3	69700	69.7
19960904	1996	9	4	68500	68.5
19960905	1996	9	5	67600	67.6
19960906	1996	9	6	67600	67.6
19960907	1996	9	7	68500	68.5
19960908	1996	9	8	70500	70.5
19960909	1996	9	9	62700	62.7
19960910	1996	9	10	66100	66.1
19960911	1996	9	11	63500	63.5
19960912	1996	9	12	64100	64.1
19960913	1996	9	13	60100	60.1
19960914	1996	9	14	61700	61.7
19960915	1996	9	15	52500	52.5
19960916	1996	9	16	54000	54
19960917	1996	9	17	53300	53.3
19960918	1996	9	18	55500	55.5
19960919	1996	9	19	79400	79.4
19960920	1996	9	20	88700	88.7
19960921	1996	9	21	69400	69.4
19960922	1996	9	22	69000	69
19960923	1996	9	23	68800	68.8
19960924	1996	9	24	60100	60.1
19960925	1996	9	25	60600	60.6
19960926	1996	9	26	70000	70
19960927	1996	9	27	69300	69.3
19960928	1996	9	28	63300	63.3
19960929	1996	9	29	69700	69.7
19960930	1996	9	30	65200	65.2
19961001	1996	10	1	102000	102
19961002	1996	10	2	112000	112
19961003	1996	10	3	101000	101
19961004	1996	10	4	76300	76.3
19961005	1996	10	5	78300	78.3
19961006	1996	10	6	77200	77.2
19961007	1996	10	7	79800	79.8
19961008	1996	10	8	80400	80.4
19961009	1996	10	9	80900	80.9
19961010	1996	10	10	82600	82.6
19961011	1996	10	11	78700	78.7
19961012	1996	10	12	82400	82.4
19961013	1996	10	13	81900	81.9
19961014	1996	10	14	77800	77.8
19961015	1996	10	15	87900	87.9
19961016	1996	10	16	68200	68.2
19961017	1996	10	17	80000	80
19961018	1996	10	18	88700	88.7
19961019	1996	10	19	81000	81
19961020	1996	10	20	79500	79.5
19961021	1996	10	21	79200	79.2
19961022	1996	10	22	82100	82.1
19961023	1996	10	23	74300	74.3
19961024	1996	10	24	80600	80.6
19961025	1996	10	25	77500	77.5
19961026	1996	10	26	81200	81.2
19961027	1996	10	27	80300	80.3
19961028	1996	10	28	83500	83.5
19961029	1996	10	29	76500	76.5
19961030	1996	10	30	80600	80.6
19961031	1996	10	31	74600	74.6
19961101	1996	11	1	80700	80.7
19961102	1996	11	2	77800	77.8
19961103	1996	11	3	76100	76.1
19961104	1996	11	4	80000	80
19961105	1996	11	5	81800	81.8
19961106	1996	11	6	88500	88.5
19961107	1996	11	7	106000	106
19961108	1996	11	8	141000	141
19961109	1996	11	9	114000	114
19961110	1996	11	10	122000	122
19961111	1996	11	11	149000	149
19961112	1996	11	12	190000	190
19961113	1996	11	13	225000	225
19961114	1996	11	14	252000	252
19961115	1996	11	15	286000	286
19961116	1996	11	16	273000	273
19961117	1996	11	17	261000	261
19961118	1996	11	18	247000	247
19961119	1996	11	19	272000	272
19961120	1996	11	20	296000	296
19961121	1996	11	21	339000	339
19961122	1996	11	22	335000	335
19961123	1996	11	23	332000	332
19961124	1996	11	24	333000	333
19961125	1996	11	25	336000	336
19961126	1996	11	26	329000	329
19961127	1996	11	27	343000	343
19961128	1996	11	28	409000	409
19961129	1996	11	29	411000	411
19961130	1996	11	30	458000	458
19961201	1996	12	1	593000	593
19961202	1996	12	2	653000	653
19961203	1996	12	3	710000	710
19961204	1996	12	4	714000	714
19961205	1996	12	5	591000	591
19961206	1996	12	6	582000	582
19961207	1996	12	7	554000	554
19961208	1996	12	8	549000	549
19961209	1996	12	9	526000	526
19961210	1996	12	10	497000	497
19961211	1996	12	11	460000	460
19961212	1996	12	12	439000	439
19961213	1996	12	13	411000	411
19961214	1996	12	14	417000	417
19961215	1996	12	15	396000	396
19961216	1996	12	16	393000	393
19961217	1996	12	17	360000	360
19961218	1996	12	18	359000	359
19961219	1996	12	19	351000	351
19961220	1996	12	20	303000	303
19961221	1996	12	21	313000	313
19961222	1996	12	22	298000	298
19961223	1996	12	23	298000	298
19961224	1996	12	24	293000	293
19961225	1996	12	25	310000	310
19961226	1996	12	26	304000	304
19961227	1996	12	27	299000	299
19961228	1996	12	28	263000	263
19961229	1996	12	29	238000	238
19961230	1996	12	30	223000	223
19961231	1996	12	31	226000	226
20010101	2001	1	1	349000	349
20010102	2001	1	2	368000	368
20010103	2001	1	3	392000	392
20010104	2001	1	4	391000	391
20010105	2001	1	5	377000	377
20010106	2001	1	6	426000	426
20010107	2001	1	7	500000	500
20010108	2001	1	8	500000	500
20010109	2001	1	9	442000	442
20010110	2001	1	10	428000	428
20010111	2001	1	11	399000	399
20010112	2001	1	12	398000	398
20010113	2001	1	13	369000	369
20010114	2001	1	14	373000	373
20010115	2001	1	15	371000	371
20010116	2001	1	16	355000	355
20010117	2001	1	17	323000	323
20010118	2001	1	18	333000	333
20010119	2001	1	19	309000	309
20010120	2001	1	20	294000	294
20010121	2001	1	21	303000	303
20010122	2001	1	22	330000	330
20010123	2001	1	23	333000	333
20010124	2001	1	24	366000	366
20010125	2001	1	25	476000	476
20010126	2001	1	26	467000	467
20010127	2001	1	27	493000	493
20010128	2001	1	28	505000	505
20010129	2001	1	29	509000	509
20010130	2001	1	30	456000	456
20010131	2001	1	31	411000	411
20010201	2001	2	1	386000	386
20010202	2001	2	2	376000	376
20010203	2001	2	3	376000	376
20010204	2001	2	4	394000	394
20010205	2001	2	5	526000	526
20010206	2001	2	6	569000	569
20010207	2001	2	7	551000	551
20010208	2001	2	8	553000	553
20010209	2001	2	9	553000	553
20010210	2001	2	10	529000	529
20010211	2001	2	11	519000	519
20010212	2001	2	12	473000	473
20010213	2001	2	13	466000	466
20010214	2001	2	14	432000	432
20010215	2001	2	15	434000	434
20010216	2001	2	16	408000	408
20010217	2001	2	17	392000	392
20010218	2001	2	18	374000	374
20010219	2001	2	19	329000	329
20010220	2001	2	20	314000	314
20010221	2001	2	21	299000	299
20010222	2001	2	22	295000	295
20010223	2001	2	23	260000	260
20010224	2001	2	24	272000	272
20010225	2001	2	25	280000	280
20010226	2001	2	26	273000	273
20010227	2001	2	27	270000	270
20010228	2001	2	28	258000	258
20010301	2001	3	1	250000	250
20010302	2001	3	2	239000	239
20010303	2001	3	3	240000	240
20010304	2001	3	4	260000	260
20010305	2001	3	5	382000	382
20010306	2001	3	6	426000	426
20010307	2001	3	7	384000	384
20010308	2001	3	8	393000	393
20010309	2001	3	9	477000	477
20010310	2001	3	10	514000	514
20010311	2001	3	11	547000	547
20010312	2001	3	12	618000	618
20010313	2001	3	13	645000	645
20010314	2001	3	14	690000	690
20010315	2001	3	15	759000	759
20010316	2001	3	16	844000	844
20010317	2001	3	17	919000	919
20010318	2001	3	18	995000	995
20010319	2001	3	19	1040000	1040
20010320	2001	3	20	974000	974
20010321	2001	3	21	902000	902
20010322	2001	3	22	909000	909
20010323	2001	3	23	939000	939
20010324	2001	3	24	976000	976
20010325	2001	3	25	958000	958
20010326	2001	3	26	888000	888
20010327	2001	3	27	832000	832
20010328	2001	3	28	785000	785
20010329	2001	3	29	780000	780
20010330	2001	3	30	793000	793
20010331	2001	3	31	792000	792
20010401	2001	4	1	768000	768
20010402	2001	4	2	699000	699
20010403	2001	4	3	632000	632
20010404	2001	4	4	633000	633
20010405	2001	4	5	585000	585
20010406	2001	4	6	595000	595
20010407	2001	4	7	592000	592
20010408	2001	4	8	609000	609
20010409	2001	4	9	627000	627
20010410	2001	4	10	660000	660
20010411	2001	4	11	689000	689
20010412	2001	4	12	723000	723
20010413	2001	4	13	710000	710
20010414	2001	4	14	671000	671
20010415	2001	4	15	617000	617
20010416	2001	4	16	603000	603
20010417	2001	4	17	657000	657
20010418	2001	4	18	701000	701
20010419	2001	4	19	695000	695
20010420	2001	4	20	673000	673
20010421	2001	4	21	670000	670
20010422	2001	4	22	663000	663
20010423	2001	4	23	681000	681
20010424	2001	4	24	671000	671
20010425	2001	4	25	624000	624
20010426	2001	4	26	684000	684
20010427	2001	4	27	731000	731
20010428	2001	4	28	708000	708
20010429	2001	4	29	659000	659
20010430	2001	4	30	633000	633
20010501	2001	5	1	726000	726
20010502	2001	5	2	813000	813
20010503	2001	5	3	841000	841
20010504	2001	5	4	806000	806
20010505	2001	5	5	743000	743
20010506	2001	5	6	759000	759
20010507	2001	5	7	836000	836
20010508	2001	5	8	883000	883
20010509	2001	5	9	883000	883
20010510	2001	5	10	810000	810
20010511	2001	5	11	681000	681
20010512	2001	5	12	624000	624
20010513	2001	5	13	611000	611
20010514	2001	5	14	612000	612
20010515	2001	5	15	637000	637
20010516	2001	5	16	702000	702
20010517	2001	5	17	641000	641
20010518	2001	5	18	578000	578
20010519	2001	5	19	547000	547
20010520	2001	5	20	528000	528
20010521	2001	5	21	463000	463
20010522	2001	5	22	445000	445
20010523	2001	5	23	416000	416
20010524	2001	5	24	384000	384
20010525	2001	5	25	375000	375
20010526	2001	5	26	365000	365
20010527	2001	5	27	352000	352
20010528	2001	5	28	315000	315
20010529	2001	5	29	301000	301
20010530	2001	5	30	292000	292
20010531	2001	5	31	281000	281
20010601	2001	6	1	251000	251
20010602	2001	6	2	248000	248
20010603	2001	6	3	238000	238
20010604	2001	6	4	241000	241
20010605	2001	6	5	230000	230
20010606	2001	6	6	224000	224
20010607	2001	6	7	214000	214
20010608	2001	6	8	213000	213
20010609	2001	6	9	212000	212
20010610	2001	6	10	212000	212
20010611	2001	6	11	212000	212
20010612	2001	6	12	206000	206
20010613	2001	6	13	203000	203
20010614	2001	6	14	207000	207
20010615	2001	6	15	197000	197
20010616	2001	6	16	191000	191
20010617	2001	6	17	190000	190
20010618	2001	6	18	194000	194
20010619	2001	6	19	187000	187
20010620	2001	6	20	188000	188
20010621	2001	6	21	182000	182
20010622	2001	6	22	181000	181
20010623	2001	6	23	167000	167
20010624	2001	6	24	163000	163
20010625	2001	6	25	162000	162
20010626	2001	6	26	148000	148
20010627	2001	6	27	152000	152
20010628	2001	6	28	157000	157
20010629	2001	6	29	147000	147
20010630	2001	6	30	152000	152
20010701	2001	7	1	150000	150
20010702	2001	7	2	140000	140
20010703	2001	7	3	137000	137
20010704	2001	7	4	124000	124
20010705	2001	7	5	159000	159
20010706	2001	7	6	212000	212
20010707	2001	7	7	287000	287
20010708	2001	7	8	286000	286
20010709	2001	7	9	310000	310
20010710	2001	7	10	240000	240
20010711	2001	7	11	220000	220
20010712	2001	7	12	213000	213
20010713	2001	7	13	202000	202
20010714	2001	7	14	279000	279
20010715	2001	7	15	304000	304
20010716	2001	7	16	290000	290
20010717	2001	7	17	264000	264
20010718	2001	7	18	242000	242
20010719	2001	7	19	248000	248
20010720	2001	7	20	270000	270
20010721	2001	7	21	281000	281
20010722	2001	7	22	244000	244
20010723	2001	7	23	229000	229
20010724	2001	7	24	220000	220
20010725	2001	7	25	232000	232
20010726	2001	7	26	222000	222
20010727	2001	7	27	220000	220
20010728	2001	7	28	210000	210
20010729	2001	7	29	210000	210
20010730	2001	7	30	221000	221
20010731	2001	7	31	207000	207
20010801	2001	8	1	180000	180
20010802	2001	8	2	187000	187
20010803	2001	8	3	195000	195
20010804	2001	8	4	190000	190
20010805	2001	8	5	189000	189
20010806	2001	8	6	188000	188
20010807	2001	8	7	189000	189
20010808	2001	8	8	215000	215
20010809	2001	8	9	225000	225
20010810	2001	8	10	220000	220
20010811	2001	8	11	203000	203
20010812	2001	8	12	197000	197
20010813	2001	8	13	189000	189
20010814	2001	8	14	176000	176
20010815	2001	8	15	176000	176
20010816	2001	8	16	193000	193
20010817	2001	8	17	167000	167
20010818	2001	8	18	161000	161
20010819	2001	8	19	172000	172
20010820	2001	8	20	188000	188
20010821	2001	8	21	180000	180
20010822	2001	8	22	168000	168
20010823	2001	8	23	162000	162
20010824	2001	8	24	152000	152
20010825	2001	8	25	134000	134
20010826	2001	8	26	141000	141
20010827	2001	8	27	143000	143
20010828	2001	8	28	144000	144
20010829	2001	8	29	139000	139
20010830	2001	8	30	144000	144
20010831	2001	8	31	144000	144
20010901	2001	9	1	148000	148
20010902	2001	9	2	148000	148
20010903	2001	9	3	149000	149
20010904	2001	9	4	156000	156
20010905	2001	9	5	158000	158
20010906	2001	9	6	161000	161
20010907	2001	9	7	153000	153
20010908	2001	9	8	154000	154
20010909	2001	9	9	160000	160
20010910	2001	9	10	158000	158
20010911	2001	9	11	147000	147
20010912	2001	9	12	154000	154
20010913	2001	9	13	154000	154
20010914	2001	9	14	158000	158
20010915	2001	9	15	164000	164
20010916	2001	9	16	163000	163
20010917	2001	9	17	162000	162
20010918	2001	9	18	185000	185
20010919	2001	9	19	185000	185
20010920	2001	9	20	221000	221
20010921	2001	9	21	290000	290
20010922	2001	9	22	283000	283
20010923	2001	9	23	272000	272
20010924	2001	9	24	243000	243
20010925	2001	9	25	231000	231
20010926	2001	9	26	238000	238
20010927	2001	9	27	250000	250
20010928	2001	9	28	243000	243
20010929	2001	9	29	232000	232
20010930	2001	9	30	214000	214
20011001	2001	10	1	232000	232
20011002	2001	10	2	223000	223
20011003	2001	10	3	240000	240
20011004	2001	10	4	283000	283
20011005	2001	10	5	296000	296
20011006	2001	10	6	280000	280
20011007	2001	10	7	281000	281
20011008	2001	10	8	276000	276
20011009	2001	10	9	269000	269
20011010	2001	10	10	246000	246
20011011	2001	10	11	225000	225
20011012	2001	10	12	234000	234
20011013	2001	10	13	225000	225
20011014	2001	10	14	240000	240
20011015	2001	10	15	243000	243
20011016	2001	10	16	251000	251
20011017	2001	10	17	221000	221
20011018	2001	10	18	225000	225
20011019	2001	10	19	221000	221
20011020	2001	10	20	234000	234
20011021	2001	10	21	321000	321
20011022	2001	10	22	359000	359
20011023	2001	10	23	355000	355
20011024	2001	10	24	358000	358
20011025	2001	10	25	320000	320
20011026	2001	10	26	290000	290
20011027	2001	10	27	288000	288
20011028	2001	10	28	278000	278
20011029	2001	10	29	273000	273
20011030	2001	10	30	245000	245
20011031	2001	10	31	248000	248
20011101	2001	11	1	246000	246
20011102	2001	11	2	241000	241
20011103	2001	11	3	230000	230
20011104	2001	11	4	218000	218
20011105	2001	11	5	220000	220
20011106	2001	11	6	229000	229
20011107	2001	11	7	222000	222
20011108	2001	11	8	228000	228
20011109	2001	11	9	252000	252
20011110	2001	11	10	258000	258
20011111	2001	11	11	252000	252
20011112	2001	11	12	253000	253
20011113	2001	11	13	277000	277
20011114	2001	11	14	256000	256
20011115	2001	11	15	254000	254
20011116	2001	11	16	211000	211
20011117	2001	11	17	229000	229
20011118	2001	11	18	234000	234
20011119	2001	11	19	218000	218
20011120	2001	11	20	216000	216
20011121	2001	11	21	203000	203
20011122	2001	11	22	199000	199
20011123	2001	11	23	188000	188
20011124	2001	11	24	181000	181
20011125	2001	11	25	190000	190
20011126	2001	11	26	199000	199
20011127	2001	11	27	199000	199
20011128	2001	11	28	223000	223
20011129	2001	11	29	237000	237
20011130	2001	11	30	314000	314
20011201	2001	12	1	448000	448
20011202	2001	12	2	535000	535
20011203	2001	12	3	550000	550
20011204	2001	12	4	453000	453
20011205	2001	12	5	415000	415
20011206	2001	12	6	417000	417
20011207	2001	12	7	403000	403
20011208	2001	12	8	385000	385
20011209	2001	12	9	393000	393
20011210	2001	12	10	388000	388
20011211	2001	12	11	369000	369
20011212	2001	12	12	374000	374
20011213	2001	12	13	348000	348
20011214	2001	12	14	314000	314
20011215	2001	12	15	287000	287
20011216	2001	12	16	266000	266
20011217	2001	12	17	252000	252
20011218	2001	12	18	223000	223
20011219	2001	12	19	223000	223
20011220	2001	12	20	221000	221
20011221	2001	12	21	203000	203
20011222	2001	12	22	213000	213
20011223	2001	12	23	214000	214
20011224	2001	12	24	205000	205
20011225	2001	12	25	204000	204
20011226	2001	12	26	212000	212
20011227	2001	12	27	205000	205
20011228	2001	12	28	212000	212
20011229	2001	12	29	282000	282
20011230	2001	12	30	522000	522
20011231	2001	12	31	729000	729
