Date	Annee	Mois	jour	TEMP_EAU	pH	COND	O2	DBO5	MES	COD	NH4	NO2	NO3	NKj	SIO	PTO	PO4	SO4	HCO3	CHLA	PheoP	Na	K	Cl	Ca	Mg
19780518	1978	5	18	15.000000	8.300000	504.000000	9.200000	2.500000	-1.000000	-1.000000	0.100000	0.080000	8.000000	0.500000	-1.000000	-1.000000	0.380000	-1.000000	-1.000000	-1.000000	-1.000000	-1.000000	-1.000000	-1.000000	-1.000000	-1.000000
19780612	1978	6	12	17.799999	8.000000	555.000000	8.200000	1.600000	-1.000000	-1.000000	0.200000	0.160000	13.700000	0.500000	-1.000000	-1.000000	0.600000	-1.000000	-1.000000	-1.000000	-1.000000	-1.000000	-1.000000	-1.000000	-1.000000	-1.000000
19780706	1978	7	6	15.900000	8.300000	522.000000	8.100000	3.400000	-1.000000	-1.000000	0.100000	0.250000	13.300000	2.400000	-1.000000	-1.000000	0.580000	-1.000000	-1.000000	-1.000000	-1.000000	-1.000000	-1.000000	-1.000000	-1.000000	-1.000000
19780807	1978	8	7	17.299999	7.800000	556.000000	8.000000	2.300000	-1.000000	-1.000000	0.150000	0.080000	13.300000	0.500000	-1.000000	-1.000000	0.560000	-1.000000	-1.000000	-1.000000	-1.000000	-1.000000	-1.000000	-1.000000	-1.000000	-1.000000
19780918	1978	9	18	16.700001	8.300000	681.000000	8.000000	1.200000	-1.000000	-1.000000	0.100000	0.250000	14.200000	1.300000	-1.000000	-1.000000	0.650000	-1.000000	-1.000000	-1.000000	-1.000000	-1.000000	-1.000000	-1.000000	-1.000000	-1.000000
19781011	1978	10	11	14.800000	8.200000	703.000000	8.200000	3.600000	-1.000000	-1.000000	0.450000	0.660000	15.100000	1.800000	-1.000000	-1.000000	0.600000	-1.000000	-1.000000	-1.000000	-1.000000	-1.000000	-1.000000	-1.000000	-1.000000	-1.000000
19781128	1978	11	28	8.100000	8.100000	671.000000	8.900000	3.400000	-1.000000	-1.000000	0.300000	0.250000	16.400000	2.000000	-1.000000	-1.000000	0.450000	-1.000000	-1.000000	-1.000000	-1.000000	-1.000000	-1.000000	-1.000000	-1.000000	-1.000000
19790508	1979	5	8	9.200000	8.100000	535.000000	10.200000	3.700000	30.000000	-1.000000	0.100000	0.080000	11.100000	0.500000	-1.000000	0.270000	0.280000	-1.000000	-1.000000	-1.000000	-1.000000	-1.000000	-1.000000	-1.000000	-1.000000	-1.000000
19790612	1979	6	12	17.400000	8.200000	490.000000	8.100000	3.600000	32.000000	-1.000000	0.150000	0.250000	15.100000	0.500000	-1.000000	0.330000	0.550000	-1.000000	-1.000000	-1.000000	-1.000000	-1.000000	-1.000000	-1.000000	81.000000	6.000000
19790731	1979	7	31	21.100000	8.200000	590.000000	7.800000	2.100000	43.000000	-1.000000	0.100000	0.160000	16.400000	1.500000	-1.000000	0.330000	0.550000	-1.000000	-1.000000	-1.000000	-1.000000	-1.000000	-1.000000	-1.000000	115.000000	7.000000
19790816	1979	8	16	20.100000	8.100000	566.000000	7.400000	1.800000	-1.000000	-1.000000	0.100000	0.160000	13.700000	1.100000	-1.000000	0.370000	0.530000	-1.000000	-1.000000	-1.000000	-1.000000	-1.000000	-1.000000	-1.000000	-1.000000	-1.000000
19790904	1979	9	4	18.700001	8.100000	603.000000	8.100000	2.100000	-1.000000	-1.000000	0.300000	0.170000	15.100000	4.000000	-1.000000	0.400000	1.100000	-1.000000	-1.000000	-1.000000	-1.000000	-1.000000	-1.000000	-1.000000	-1.000000	-1.000000
19791025	1979	10	25	14.700000	8.000000	626.000000	8.100000	3.000000	-1.000000	-1.000000	0.200000	0.330000	14.600000	1.800000	-1.000000	0.630000	0.850000	-1.000000	-1.000000	-1.000000	-1.000000	-1.000000	-1.000000	-1.000000	-1.000000	-1.000000
19791106	1979	11	6	12.500000	8.000000	635.000000	8.300000	3.300000	-1.000000	-1.000000	0.200000	0.160000	15.500000	0.600000	-1.000000	1.330000	0.900000	-1.000000	-1.000000	-1.000000	-1.000000	-1.000000	-1.000000	-1.000000	-1.000000	-1.000000
19800221	1980	2	21	7.200000	8.000000	596.000000	10.500000	2.200000	-1.000000	-1.000000	0.100000	0.080000	14.600000	1.600000	-1.000000	0.330000	0.400000	-1.000000	-1.000000	-1.000000	-1.000000	-1.000000	-1.000000	-1.000000	-1.000000	-1.000000
19800820	1980	8	20	18.200001	7.900000	573.000000	7.100000	-1.000000	-1.000000	-1.000000	0.250000	0.160000	14.600000	1.600000	-1.000000	0.260000	0.600000	-1.000000	-1.000000	-1.000000	-1.000000	-1.000000	-1.000000	-1.000000	-1.000000	-1.000000
19800916	1980	9	16	17.000000	8.300000	624.000000	8.000000	-1.000000	-1.000000	-1.000000	0.100000	0.450000	15.500000	0.800000	-1.000000	0.200000	0.400000	-1.000000	-1.000000	-1.000000	-1.000000	-1.000000	-1.000000	-1.000000	-1.000000	-1.000000
19801014	1980	10	14	10.700000	8.000000	646.000000	8.800000	-1.000000	-1.000000	-1.000000	0.300000	0.250000	16.500000	2.300000	-1.000000	0.490000	0.550000	-1.000000	-1.000000	-1.000000	-1.000000	-1.000000	-1.000000	-1.000000	-1.000000	-1.000000
19801028	1980	10	28	12.600000	8.000000	566.000000	9.100000	-1.000000	-1.000000	-1.000000	0.250000	0.430000	14.000000	1.700000	-1.000000	0.260000	0.540000	-1.000000	-1.000000	-1.000000	-1.000000	-1.000000	-1.000000	-1.000000	-1.000000	-1.000000
19801119	1980	11	19	9.600000	8.100000	528.000000	8.500000	-1.000000	-1.000000	-1.000000	0.100000	0.130000	15.000000	2.400000	-1.000000	0.520000	0.550000	-1.000000	-1.000000	-1.000000	-1.000000	-1.000000	-1.000000	-1.000000	-1.000000	-1.000000
19810728	1981	7	28	16.100000	8.000000	623.000000	8.200000	3.000000	-1.000000	-1.000000	0.129000	0.230000	16.400000	2.200000	-1.000000	0.229000	0.500000	-1.000000	-1.000000	-1.000000	-1.000000	-1.000000	-1.000000	-1.000000	-1.000000	-1.000000
19810825	1981	8	25	16.200001	8.200000	604.000000	9.100000	2.800000	-1.000000	-1.000000	0.129000	0.164000	12.800000	1.900000	-1.000000	0.327000	0.450000	-1.000000	-1.000000	-1.000000	-1.000000	-1.000000	-1.000000	-1.000000	-1.000000	-1.000000
19811014	1981	10	14	11.000000	7.800000	671.000000	8.600000	2.600000	-1.000000	-1.000000	0.129000	0.098600	11.100000	1.700000	-1.000000	0.817000	0.600000	-1.000000	-1.000000	-1.000000	-1.000000	-1.000000	-1.000000	-1.000000	-1.000000	-1.000000
19811103	1981	11	3	12.300000	7.700000	535.000000	7.400000	2.100000	-1.000000	-1.000000	0.129000	0.197000	7.970000	1.200000	-1.000000	0.163000	0.450000	-1.000000	-1.000000	-1.000000	-1.000000	-1.000000	-1.000000	-1.000000	-1.000000	-1.000000
19820608	1982	6	8	21.799999	8.500000	651.000000	8.300000	3.900000	-1.000000	-1.000000	0.300000	0.260000	15.000000	1.700000	-1.000000	0.458000	0.550000	35.000000	-1.000000	-1.000000	-1.000000	-1.000000	-1.000000	20.000000	-1.000000	-1.000000
19820628	1982	6	28	18.600000	8.300000	644.000000	7.900000	3.000000	-1.000000	-1.000000	0.210000	0.260000	15.000000	2.600000	-1.000000	0.229000	0.600000	-1.000000	-1.000000	-1.000000	-1.000000	-1.000000	-1.000000	-1.000000	-1.000000	-1.000000
19820726	1982	7	26	20.000000	8.400000	595.000000	8.100000	4.400000	-1.000000	-1.000000	0.100000	0.250000	13.200000	2.100000	-1.000000	0.294000	0.550000	38.000000	-1.000000	-1.000000	-1.000000	-1.000000	-1.000000	24.000000	-1.000000	-1.000000
19820825	1982	8	25	17.799999	8.100000	615.000000	9.200000	2.600000	-1.000000	-1.000000	0.100000	0.130000	16.299999	1.000000	-1.000000	0.294000	0.500000	28.000000	-1.000000	-1.000000	-1.000000	-1.000000	-1.000000	24.000000	-1.000000	-1.000000
19820907	1982	9	7	19.000000	8.000000	634.000000	8.100000	2.500000	-1.000000	-1.000000	0.100000	0.260000	14.600000	2.100000	-1.000000	0.294000	0.650000	-1.000000	-1.000000	-1.000000	-1.000000	-1.000000	-1.000000	-1.000000	-1.000000	-1.000000
19820915	1982	9	15	21.000000	8.000000	695.000000	8.500000	2.200000	-1.000000	-1.000000	0.100000	0.260000	15.000000	3.200000	-1.000000	0.261000	0.400000	45.000000	-1.000000	-1.000000	-1.000000	-1.000000	-1.000000	30.000000	-1.000000	-1.000000
19821005	1982	10	5	15.600000	8.000000	642.000000	7.700000	2.900000	-1.000000	-1.000000	0.240000	0.590000	13.700000	0.800000	-1.000000	0.229000	0.450000	-1.000000	-1.000000	-1.000000	-1.000000	-1.000000	-1.000000	-1.000000	-1.000000	-1.000000
19821025	1982	10	25	13.000000	7.800000	600.000000	8.000000	3.200000	-1.000000	-1.000000	0.400000	0.230000	13.300000	1.200000	-1.000000	0.327000	0.450000	-1.000000	-1.000000	-1.000000	-1.000000	-1.000000	-1.000000	-1.000000	-1.000000	-1.000000
19821026	1982	10	26	13.000000	7.900000	612.000000	8.700000	2.500000	-1.000000	-1.000000	0.150000	0.260000	14.100000	1.100000	-1.000000	0.327000	0.500000	51.000000	-1.000000	-1.000000	-1.000000	-1.000000	-1.000000	26.000000	-1.000000	-1.000000
19821115	1982	11	15	11.500000	7.700000	596.000000	8.600000	3.100000	-1.000000	-1.000000	0.240000	0.260000	14.100000	1.200000	-1.000000	0.359000	0.700000	-1.000000	-1.000000	-1.000000	-1.000000	-1.000000	-1.000000	-1.000000	-1.000000	-1.000000
19821123	1982	11	23	10.000000	7.800000	526.000000	10.900000	3.600000	-1.000000	-1.000000	0.100000	0.260000	12.800000	1.200000	-1.000000	0.327000	0.450000	40.000000	-1.000000	-1.000000	-1.000000	-1.000000	-1.000000	20.000000	-1.000000	-1.000000
19830525	1983	5	25	13.700000	7.900000	507.000000	9.800000	2.700000	-1.000000	-1.000000	0.150000	0.100000	11.500000	0.700000	-1.000000	0.167000	0.250000	31.000000	-1.000000	-1.000000	-1.000000	-1.000000	-1.000000	18.000000	-1.000000	-1.000000
19830620	1983	6	20	16.500000	-1.000000	619.000000	9.000000	4.000000	34.000000	-1.000000	0.100000	0.100000	17.200001	0.800000	-1.000000	0.261000	0.250000	-1.000000	-1.000000	-1.000000	-1.000000	-1.000000	-1.000000	-1.000000	-1.000000	-1.000000
19830622	1983	6	22	21.799999	7.900000	625.000000	7.600000	4.300000	-1.000000	-1.000000	0.100000	0.160000	18.100000	0.900000	-1.000000	0.500000	0.550000	36.000000	-1.000000	-1.000000	-1.000000	-1.000000	-1.000000	21.000000	-1.000000	-1.000000
19830706	1983	7	6	21.200001	7.900000	549.000000	6.600000	1.900000	-1.000000	-1.000000	0.100000	0.230000	17.200001	1.200000	-1.000000	0.333000	0.500000	34.000000	-1.000000	-1.000000	-1.000000	-1.000000	-1.000000	22.000000	-1.000000	-1.000000
19830718	1983	7	18	22.400000	-1.000000	584.000000	8.000000	3.600000	68.000000	-1.000000	0.100000	0.130000	16.299999	2.500000	-1.000000	0.458000	0.200000	-1.000000	-1.000000	-1.000000	-1.000000	-1.000000	-1.000000	-1.000000	-1.000000	-1.000000
19830810	1983	8	10	20.000000	8.000000	583.000000	8.200000	3.200000	-1.000000	-1.000000	0.100000	0.100000	19.000000	1.200000	-1.000000	0.233000	0.400000	-1.000000	-1.000000	-1.000000	-1.000000	-1.000000	-1.000000	-1.000000	-1.000000	-1.000000
19830919	1983	9	19	16.900000	-1.000000	606.000000	7.600000	2.700000	26.000000	-1.000000	0.300000	0.260000	16.299999	0.600000	-1.000000	0.261000	0.550000	-1.000000	-1.000000	-1.000000	-1.000000	-1.000000	-1.000000	-1.000000	-1.000000	-1.000000
19830928	1983	9	28	17.000000	7.800000	605.000000	7.700000	3.500000	-1.000000	-1.000000	0.150000	0.260000	19.400000	1.700000	-1.000000	0.300000	0.550000	40.000000	-1.000000	-1.000000	-1.000000	-1.000000	-1.000000	29.000000	-1.000000	-1.000000
19831019	1983	10	19	13.500000	7.800000	687.000000	7.200000	2.500000	-1.000000	-1.000000	0.200000	0.290000	17.799999	1.100000	-1.000000	0.367000	0.600000	44.000000	-1.000000	-1.000000	-1.000000	-1.000000	-1.000000	30.000000	-1.000000	-1.000000
19831024	1983	10	24	9.700000	-1.000000	673.000000	8.500000	2.600000	-1.000000	-1.000000	0.250000	0.290000	19.400000	0.800000	-1.000000	0.229000	0.500000	-1.000000	-1.000000	-1.000000	-1.000000	-1.000000	-1.000000	-1.000000	-1.000000	-1.000000
19831102	1983	11	2	13.200000	7.700000	685.000000	7.000000	2.800000	-1.000000	-1.000000	0.250000	0.390000	12.800000	0.700000	-1.000000	0.300000	0.700000	42.000000	-1.000000	-1.000000	-1.000000	-1.000000	-1.000000	26.000000	-1.000000	-1.000000
19831121	1983	11	21	8.600000	-1.000000	718.000000	8.400000	3.800000	26.000000	-1.000000	0.500000	0.590000	17.700001	0.800000	-1.000000	0.392000	0.650000	-1.000000	-1.000000	-1.000000	-1.000000	-1.000000	-1.000000	-1.000000	-1.000000	-1.000000
19840410	1984	4	10	8.500000	8.100000	526.000000	9.200000	5.700000	-1.000000	-1.000000	0.200000	0.130000	17.700001	1.800000	-1.000000	0.300000	0.350000	-1.000000	-1.000000	-1.000000	-1.000000	-1.000000	-1.000000	-1.000000	-1.000000	-1.000000
19840509	1984	5	9	12.200000	8.200000	650.000000	10.800000	5.200000	-1.000000	-1.000000	0.100000	0.160000	16.299999	1.000000	-1.000000	0.300000	0.350000	-1.000000	-1.000000	-1.000000	-1.000000	-1.000000	-1.000000	-1.000000	-1.000000	-1.000000
19840618	1984	6	18	18.600000	-1.000000	605.000000	8.100000	5.600000	35.000000	-1.000000	0.350000	0.230000	15.900000	1.000000	-1.000000	0.267000	0.300000	-1.000000	-1.000000	-1.000000	-1.000000	-1.000000	-1.000000	-1.000000	-1.000000	-1.000000
19840619	1984	6	19	21.500000	7.900000	605.000000	12.400000	4.500000	-1.000000	-1.000000	0.100000	0.160000	15.000000	1.400000	-1.000000	0.267000	0.200000	-1.000000	-1.000000	-1.000000	-1.000000	-1.000000	-1.000000	-1.000000	-1.000000	-1.000000
19840716	1984	7	16	19.200001	-1.000000	616.000000	7.700000	3.300000	30.000000	-1.000000	0.300000	0.130000	14.600000	1.250000	-1.000000	0.200000	0.350000	-1.000000	-1.000000	-1.000000	-1.000000	-1.000000	-1.000000	-1.000000	-1.000000	-1.000000
19840717	1984	7	17	19.000000	7.800000	627.000000	8.300000	6.300000	-1.000000	-1.000000	0.100000	0.160000	15.000000	0.900000	-1.000000	0.367000	0.350000	-1.000000	-1.000000	-1.000000	-1.000000	-1.000000	-1.000000	-1.000000	-1.000000	-1.000000
19840828	1984	8	28	20.500000	8.100000	610.000000	9.000000	1.900000	-1.000000	-1.000000	0.100000	0.160000	13.300000	1.200000	-1.000000	0.333000	0.400000	-1.000000	-1.000000	-1.000000	-1.000000	-1.000000	-1.000000	-1.000000	-1.000000	-1.000000
19840910	1984	9	10	16.100000	-1.000000	650.000000	7.400000	3.700000	31.000000	-1.000000	0.250000	0.290000	15.500000	1.200000	-1.000000	0.400000	0.800000	-1.000000	-1.000000	-1.000000	-1.000000	-1.000000	-1.000000	-1.000000	-1.000000	-1.000000
19840918	1984	9	18	17.200001	7.800000	638.000000	7.300000	2.500000	-1.000000	-1.000000	0.450000	0.360000	16.799999	1.000000	-1.000000	0.267000	0.750000	-1.000000	-1.000000	-1.000000	-1.000000	-1.000000	-1.000000	-1.000000	-1.000000	-1.000000
19841008	1984	10	8	12.600000	-1.000000	666.000000	8.800000	3.400000	47.000000	-1.000000	0.200000	0.230000	14.500000	1.200000	-1.000000	0.267000	0.600000	-1.000000	-1.000000	-1.000000	-1.000000	-1.000000	-1.000000	-1.000000	-1.000000	-1.000000
19841016	1984	10	16	14.000000	7.900000	618.000000	7.800000	2.700000	-1.000000	-1.000000	0.200000	0.230000	15.900000	1.000000	-1.000000	0.367000	0.650000	-1.000000	-1.000000	-1.000000	-1.000000	-1.000000	-1.000000	-1.000000	-1.000000	-1.000000
19841029	1984	10	29	12.800000	-1.000000	519.000000	9.000000	2.900000	77.000000	-1.000000	0.100000	0.200000	15.500000	2.500000	-1.000000	0.500000	0.500000	-1.000000	-1.000000	-1.000000	-1.000000	-1.000000	-1.000000	-1.000000	-1.000000	-1.000000
19841105	1984	11	5	10.800000	-1.000000	631.000000	9.300000	3.300000	29.000000	-1.000000	0.300000	0.200000	16.799999	1.000000	-1.000000	0.333000	0.600000	-1.000000	-1.000000	-1.000000	-1.000000	-1.000000	-1.000000	-1.000000	-1.000000	-1.000000
19850423	1985	4	23	12.000000	-1.000000	546.000000	7.300000	3.000000	-1.000000	-1.000000	0.100000	0.050000	13.000000	0.600000	-1.000000	0.500000	0.100000	38.000000	-1.000000	-1.000000	-1.000000	-1.000000	-1.000000	18.000000	-1.000000	-1.000000
19850521	1985	5	21	17.000000	-1.000000	558.000000	6.700000	3.000000	-1.000000	-1.000000	0.100000	0.050000	13.000000	2.800000	-1.000000	0.500000	0.350000	39.000000	-1.000000	-1.000000	-1.000000	-1.000000	-1.000000	18.000000	-1.000000	-1.000000
19850618	1985	6	18	16.000000	-1.000000	593.000000	9.100000	2.000000	-1.000000	-1.000000	0.100000	0.150000	16.000000	0.600000	-1.000000	0.400000	0.300000	41.000000	-1.000000	-1.000000	-1.000000	-1.000000	-1.000000	24.000000	-1.000000	-1.000000
19850619	1985	6	19	16.500000	8.200000	600.000000	8.600000	6.000000	39.000000	-1.000000	0.300000	0.150000	17.000000	1.000000	-1.000000	0.400000	0.200000	-1.000000	-1.000000	-1.000000	-1.000000	-1.000000	-1.000000	-1.000000	-1.000000	-1.000000
19850730	1985	7	30	16.500000	-1.000000	606.000000	8.300000	4.000000	-1.000000	-1.000000	0.250000	0.250000	14.000000	2.500000	-1.000000	0.750000	0.500000	37.000000	-1.000000	-1.000000	-1.000000	-1.000000	-1.000000	23.000000	-1.000000	-1.000000
19850731	1985	7	31	15.300000	8.000000	590.000000	6.600000	3.000000	24.000000	-1.000000	0.100000	0.250000	15.000000	2.500000	-1.000000	0.450000	0.600000	-1.000000	-1.000000	-1.000000	-1.000000	-1.000000	-1.000000	-1.000000	-1.000000	-1.000000
19850820	1985	8	20	18.000000	-1.000000	584.000000	9.100000	4.000000	-1.000000	-1.000000	0.100000	0.150000	14.000000	1.900000	-1.000000	0.350000	0.450000	33.000000	-1.000000	-1.000000	-1.000000	-1.000000	-1.000000	21.000000	-1.000000	-1.000000
19850909	1985	9	9	16.900000	7.850000	643.000000	9.700000	3.000000	18.000000	-1.000000	0.350000	0.250000	16.000000	1.900000	-1.000000	1.200000	0.400000	-1.000000	-1.000000	-1.000000	-1.000000	-1.000000	-1.000000	-1.000000	-1.000000	-1.000000
19850917	1985	9	17	10.000000	-1.000000	663.000000	9.400000	1.000000	-1.000000	-1.000000	0.250000	0.300000	16.000000	1.200000	-1.000000	1.200000	0.500000	42.000000	-1.000000	-1.000000	-1.000000	-1.000000	-1.000000	31.000000	-1.000000	-1.000000
19851003	1985	10	3	11.500000	8.150000	682.000000	7.400000	2.000000	33.000000	-1.000000	0.350000	0.150000	15.000000	1.000000	-1.000000	0.800000	0.600000	-1.000000	-1.000000	-1.000000	-1.000000	-1.000000	-1.000000	-1.000000	-1.000000	-1.000000
19851015	1985	10	15	13.800000	-1.000000	694.000000	8.200000	1.000000	-1.000000	-1.000000	0.200000	0.250000	16.000000	1.800000	-1.000000	0.650000	0.500000	48.000000	-1.000000	-1.000000	-1.000000	-1.000000	-1.000000	29.000000	-1.000000	-1.000000
19851028	1985	10	28	8.100000	7.950000	671.000000	5.000000	5.000000	41.000000	-1.000000	0.350000	0.300000	18.000000	2.500000	-1.000000	3.200000	0.800000	-1.000000	-1.000000	-1.000000	-1.000000	-1.000000	-1.000000	-1.000000	-1.000000	-1.000000
19851119	1985	11	19	3.500000	-1.000000	704.000000	10.400000	1.000000	-1.000000	-1.000000	0.750000	0.200000	16.000000	1.100000	-1.000000	0.550000	0.650000	41.000000	-1.000000	-1.000000	-1.000000	-1.000000	-1.000000	30.000000	-1.000000	-1.000000
19851125	1985	11	25	3.000000	7.950000	715.000000	9.800000	2.000000	25.000000	-1.000000	0.800000	0.100000	18.000000	3.800000	-1.000000	0.550000	0.800000	-1.000000	-1.000000	-1.000000	-1.000000	-1.000000	-1.000000	-1.000000	-1.000000	-1.000000
19860527	1986	5	27	19.000000	-1.000000	600.000000	8.300000	3.000000	-1.000000	-1.000000	0.100000	0.150000	16.000000	1.700000	-1.000000	0.130000	0.400000	44.000000	-1.000000	-1.000000	-1.000000	-1.000000	-1.000000	21.000000	-1.000000	-1.000000
19860603	1986	6	3	14.300000	8.100000	610.000000	9.100000	4.000000	26.000000	-1.000000	0.150000	0.150000	16.000000	2.300000	-1.000000	0.160000	0.300000	-1.000000	-1.000000	-1.000000	-1.000000	-1.000000	-1.000000	-1.000000	-1.000000	-1.000000
19860624	1986	6	24	20.000000	-1.000000	571.000000	7.300000	3.000000	-1.000000	-1.000000	0.300000	0.300000	15.000000	2.200000	-1.000000	0.150000	0.450000	43.000000	-1.000000	-1.000000	-1.000000	-1.000000	-1.000000	21.000000	-1.000000	-1.000000
19860701	1986	7	1	23.900000	8.500000	593.000000	8.100000	4.000000	9.000000	-1.000000	0.100000	0.150000	14.000000	1.900000	-1.000000	0.150000	0.200000	-1.000000	-1.000000	-1.000000	-1.000000	-1.000000	-1.000000	-1.000000	-1.000000	-1.000000
19860729	1986	7	29	20.000000	-1.000000	590.000000	9.400000	5.000000	-1.000000	-1.000000	0.150000	0.150000	13.000000	1.300000	-1.000000	0.150000	0.350000	43.000000	-1.000000	-1.000000	-1.000000	-1.000000	-1.000000	25.000000	-1.000000	-1.000000
19860826	1986	8	26	16.799999	-1.000000	575.000000	8.800000	4.000000	-1.000000	-1.000000	0.150000	0.200000	15.000000	1.600000	-1.000000	0.250000	0.500000	40.000000	-1.000000	-1.000000	-1.000000	-1.000000	-1.000000	21.000000	-1.000000	-1.000000
19860910	1986	9	10	14.600000	8.250000	599.000000	10.800000	4.000000	14.000000	-1.000000	0.100000	0.200000	14.000000	0.900000	-1.000000	0.190000	0.350000	-1.000000	-1.000000	-1.000000	-1.000000	-1.000000	-1.000000	-1.000000	-1.000000	-1.000000
19860923	1986	9	23	12.000000	-1.000000	605.000000	7.500000	4.000000	-1.000000	-1.000000	0.300000	0.200000	14.000000	1.600000	-1.000000	0.250000	0.750000	47.000000	-1.000000	-1.000000	-1.000000	-1.000000	-1.000000	26.000000	-1.000000	-1.000000
19860930	1986	9	30	12.900000	8.000000	612.000000	10.200000	4.000000	11.000000	-1.000000	0.100000	0.200000	20.000000	1.900000	-1.000000	0.250000	0.750000	-1.000000	-1.000000	-1.000000	-1.000000	-1.000000	-1.000000	-1.000000	-1.000000	-1.000000
19861028	1986	10	28	11.000000	-1.000000	512.000000	8.200000	5.000000	-1.000000	-1.000000	0.350000	0.200000	13.000000	1.700000	-1.000000	0.700000	0.550000	43.000000	-1.000000	-1.000000	-1.000000	-1.000000	-1.000000	23.000000	-1.000000	-1.000000
19861106	1986	11	6	9.100000	7.700000	1040.000000	9.100000	4.000000	72.000000	-1.000000	0.250000	0.200000	16.000000	1.600000	-1.000000	0.210000	0.500000	-1.000000	-1.000000	-1.000000	-1.000000	-1.000000	-1.000000	-1.000000	-1.000000	-1.000000
19861112	1986	11	12	9.200000	-1.000000	629.000000	9.100000	5.000000	-1.000000	-1.000000	0.300000	0.150000	15.000000	1.900000	-1.000000	0.220000	0.500000	48.000000	-1.000000	-1.000000	-1.000000	-1.000000	-1.000000	27.000000	-1.000000	-1.000000
19861126	1986	11	26	8.800000	8.050000	464.000000	9.400000	2.000000	118.000000	-1.000000	0.300000	0.200000	16.000000	1.400000	-1.000000	0.190000	0.450000	-1.000000	-1.000000	-1.000000	-1.000000	-1.000000	-1.000000	-1.000000	-1.000000	-1.000000
19870609	1987	6	9	15.600000	8.200000	616.000000	6.000000	4.000000	21.000000	-1.000000	0.100000	0.200000	15.000000	1.900000	-1.000000	0.340000	0.350000	-1.000000	290.000000	-1.000000	-1.000000	-1.000000	-1.000000	22.000000	74.000000	7.800000
19870616	1987	6	16	14.100000	8.100000	581.000000	9.300000	3.000000	-1.000000	-1.000000	0.400000	0.300000	16.000000	1.700000	-1.000000	0.150000	0.400000	37.000000	283.000000	-1.000000	-1.000000	-1.000000	-1.000000	22.000000	98.099998	8.000000
19870708	1987	7	8	21.700001	8.400000	600.000000	9.200000	4.000000	34.000000	-1.000000	0.100000	0.100000	12.000000	2.100000	-1.000000	0.190000	0.200000	-1.000000	285.000000	-1.000000	-1.000000	-1.000000	-1.000000	24.000000	106.000000	8.300000
19870721	1987	7	21	17.000000	7.900000	471.000000	8.700000	4.000000	-1.000000	-1.000000	0.400000	0.250000	10.000000	2.800000	-1.000000	0.200000	0.500000	30.000000	210.000000	-1.000000	-1.000000	-1.000000	-1.000000	18.000000	73.400002	5.200000
19870818	1987	8	18	18.900000	8.200000	565.000000	8.500000	3.000000	28.000000	-1.000000	0.100000	0.050000	13.000000	1.900000	-1.000000	0.250000	0.500000	45.000000	283.000000	-1.000000	-1.000000	-1.000000	-1.000000	20.000000	109.000000	8.900000
19870909	1987	9	9	16.400000	8.100000	614.000000	5.600000	3.000000	28.000000	-1.000000	0.200000	0.200000	14.000000	1.700000	-1.000000	0.250000	0.550000	-1.000000	290.000000	-1.000000	-1.000000	-1.000000	-1.000000	23.000000	108.000000	7.300000
19870915	1987	9	15	16.299999	8.200000	583.000000	7.100000	2.000000	23.000000	-1.000000	0.150000	0.200000	16.000000	2.200000	-1.000000	0.150000	0.400000	37.000000	281.000000	-1.000000	-1.000000	-1.000000	-1.000000	21.000000	102.000000	6.700000
19871001	1987	10	1	12.700000	8.000000	619.000000	8.700000	5.000000	8.000000	-1.000000	0.200000	0.150000	14.000000	1.600000	-1.000000	0.300000	0.450000	-1.000000	304.000000	-1.000000	-1.000000	-1.000000	-1.000000	24.000000	117.000000	7.700000
19871020	1987	10	20	11.000000	7.700000	424.000000	7.000000	4.000000	86.000000	-1.000000	0.100000	0.100000	9.000000	1.900000	-1.000000	0.320000	0.550000	28.000000	204.000000	-1.000000	-1.000000	-1.000000	-1.000000	14.000000	90.099998	6.300000
19871104	1987	11	4	10.800000	7.900000	618.000000	8.100000	4.000000	32.000000	-1.000000	0.350000	0.200000	15.000000	1.300000	-1.000000	0.240000	0.300000	-1.000000	316.000000	-1.000000	-1.000000	-1.000000	-1.000000	22.000000	112.000000	7.800000
19871117	1987	11	17	7.300000	7.800000	459.000000	9.000000	3.000000	18.000000	-1.000000	0.950000	0.150000	13.000000	2.300000	-1.000000	0.300000	0.450000	29.000000	218.000000	-1.000000	-1.000000	-1.000000	-1.000000	18.000000	67.300003	5.400000
19880614	1988	6	14	17.299999	8.000000	626.000000	9.100000	3.000000	10.000000	-1.000000	0.150000	0.250000	18.000000	2.400000	-1.000000	0.220000	0.500000	43.000000	306.000000	-1.000000	-1.000000	-1.000000	-1.000000	24.000000	106.000000	9.000000
19880615	1988	6	15	13.200000	8.000000	614.000000	7.100000	2.000000	15.000000	-1.000000	0.100000	0.200000	18.000000	1.600000	-1.000000	0.220000	0.300000	-1.000000	309.000000	-1.000000	-1.000000	-1.000000	-1.000000	23.000000	131.000000	10.500000
19880706	1988	7	6	16.900000	7.900000	632.000000	7.600000	4.000000	41.000000	-1.000000	0.200000	0.250000	15.000000	2.800000	-1.000000	0.240000	0.500000	-1.000000	303.000000	-1.000000	-1.000000	-1.000000	-1.000000	24.000000	135.000000	7.700000
19880712	1988	7	12	15.500000	8.050000	634.000000	8.000000	3.000000	29.000000	-1.000000	0.250000	0.200000	16.000000	2.400000	-1.000000	0.600000	0.400000	41.000000	304.000000	-1.000000	-1.000000	-1.000000	-1.000000	25.000000	139.000000	8.500000
19880809	1988	8	9	16.700001	8.000000	602.000000	9.600000	6.000000	28.000000	-1.000000	0.100000	0.100000	15.000000	2.300000	-1.000000	0.350000	0.250000	35.000000	307.000000	-1.000000	-1.000000	-1.000000	-1.000000	21.000000	115.000000	7.600000
19880907	1988	9	7	15.900000	8.000000	594.000000	-1.000000	3.000000	12.000000	-1.000000	0.200000	0.200000	16.000000	2.200000	-1.000000	0.240000	0.350000	-1.000000	293.000000	-1.000000	-1.000000	-1.000000	-1.000000	23.000000	141.000000	7.900000
19880927	1988	9	27	11.600000	7.950000	671.000000	8.300000	3.000000	16.000000	-1.000000	0.200000	0.200000	17.000000	1.700000	-1.000000	0.180000	0.400000	43.000000	314.000000	-1.000000	-1.000000	-1.000000	-1.000000	27.000000	126.000000	9.100000
19881005	1988	10	5	13.800000	8.000000	657.000000	10.400000	2.000000	14.000000	-1.000000	0.200000	0.250000	17.000000	1.600000	-1.000000	0.400000	0.550000	-1.000000	306.000000	-1.000000	-1.000000	-1.000000	-1.000000	29.000000	118.000000	9.500000
19881025	1988	10	25	12.500000	7.900000	583.000000	8.500000	3.000000	24.000000	-1.000000	0.250000	0.200000	13.000000	2.100000	-1.000000	0.300000	0.400000	41.000000	276.000000	-1.000000	-1.000000	-1.000000	-1.000000	23.000000	118.000000	3.400000
19881102	1988	11	2	7.800000	7.850000	653.000000	10.000000	2.000000	10.000000	-1.000000	0.350000	0.200000	15.000000	2.400000	-1.000000	0.250000	0.400000	-1.000000	314.000000	-1.000000	-1.000000	-1.000000	-1.000000	28.000000	101.000000	9.100000
19881122	1988	11	22	5.000000	7.900000	666.000000	9.800000	4.000000	28.000000	-1.000000	0.450000	0.250000	16.000000	2.200000	-1.000000	0.250000	0.500000	46.000000	327.000000	-1.000000	-1.000000	-1.000000	-1.000000	27.000000	127.000000	11.300000
19890124	1989	1	24	4.800000	8.000000	641.000000	7.500000	3.000000	30.000000	-1.000000	0.350000	0.150000	18.000000	2.200000	-1.000000	0.260000	0.400000	42.000000	301.000000	-1.000000	-1.000000	-1.000000	-1.000000	24.000000	118.000000	8.800000
19890201	1989	2	1	4.600000	7.900000	657.000000	11.300000	3.000000	13.000000	-1.000000	0.300000	0.100000	19.000000	1.900000	-1.000000	0.200000	0.400000	-1.000000	310.000000	-1.000000	-1.000000	-1.000000	-1.000000	25.000000	133.000000	11.700000
19890530	1989	5	30	18.299999	8.200000	613.000000	10.300000	9.000000	23.000000	-1.000000	0.100000	0.150000	16.000000	3.000000	-1.000000	0.210000	0.100000	-1.000000	298.000000	-1.000000	-1.000000	-1.000000	-1.000000	25.000000	88.000000	6.000000
19890620	1989	6	20	20.500000	8.000000	663.000000	7.700000	4.000000	24.000000	-1.000000	0.200000	0.200000	18.000000	2.500000	-1.000000	0.220000	0.300000	49.000000	311.000000	-1.000000	-1.000000	-1.000000	-1.000000	26.000000	90.000000	7.000000
19890628	1989	6	28	18.000000	8.100000	648.000000	9.000000	3.000000	14.000000	-1.000000	0.100000	0.150000	16.000000	2.200000	-1.000000	0.160000	0.300000	-1.000000	307.000000	-1.000000	-1.000000	-1.000000	-1.000000	27.000000	104.000000	7.000000
19890718	1989	7	18	18.200001	8.200000	625.000000	8.700000	4.000000	24.000000	-1.000000	0.100000	0.100000	14.000000	2.200000	-1.000000	0.100000	0.200000	42.000000	301.000000	-1.000000	-1.000000	-1.000000	-1.000000	28.000000	129.000000	10.000000
19890822	1989	8	22	23.500000	8.150000	593.000000	8.100000	4.000000	20.000000	-1.000000	0.200000	0.150000	16.000000	2.200000	-1.000000	0.190000	0.400000	34.000000	299.000000	-1.000000	-1.000000	-1.000000	-1.000000	24.000000	118.000000	10.000000
19890919	1989	9	19	17.500000	8.000000	644.000000	7.400000	3.000000	26.000000	-1.000000	0.350000	0.250000	15.000000	2.200000	-1.000000	0.290000	0.500000	45.000000	299.000000	-1.000000	-1.000000	-1.000000	-1.000000	32.000000	100.000000	9.000000
19890927	1989	9	27	16.299999	8.000000	665.000000	7.300000	4.000000	11.000000	-1.000000	0.300000	0.200000	15.000000	2.500000	-1.000000	0.220000	0.500000	-1.000000	314.000000	-1.000000	-1.000000	-1.000000	-1.000000	34.000000	118.000000	11.000000
19891012	1989	10	12	12.500000	7.900000	709.000000	8.000000	2.000000	47.000000	-1.000000	0.300000	0.250000	17.000000	1.600000	-1.000000	0.370000	0.450000	-1.000000	323.000000	-1.000000	-1.000000	-1.000000	-1.000000	32.000000	101.000000	9.000000
19891017	1989	10	17	13.000000	7.900000	737.000000	9.500000	4.000000	26.000000	-1.000000	0.550000	0.300000	18.000000	3.100000	-1.000000	0.290000	0.600000	62.000000	331.000000	-1.000000	-1.000000	-1.000000	-1.000000	38.000000	146.000000	12.000000
19891025	1989	10	25	12.100000	7.850000	711.000000	8.100000	4.000000	14.000000	-1.000000	0.250000	0.300000	16.000000	2.700000	-1.000000	0.260000	0.450000	-1.000000	328.000000	-1.000000	-1.000000	-1.000000	-1.000000	33.000000	113.000000	9.000000
19891122	1989	11	22	7.700000	7.950000	710.000000	9.600000	4.000000	12.000000	-1.000000	0.500000	0.200000	16.000000	3.000000	-1.000000	0.320000	0.500000	-1.000000	318.000000	-1.000000	-1.000000	-1.000000	-1.000000	33.000000	115.000000	10.000000
19891128	1989	11	28	4.000000	8.000000	741.000000	7.400000	4.000000	22.000000	-1.000000	0.550000	0.150000	18.000000	2.500000	-1.000000	0.260000	0.600000	74.000000	328.000000	-1.000000	-1.000000	-1.000000	-1.000000	33.000000	132.000000	10.000000
19900123	1990	1	23	-1.000000	8.100000	633.000000	-1.000000	3.000000	26.000000	-1.000000	0.400000	0.150000	17.000000	2.200000	-1.000000	0.240000	0.500000	48.000000	293.000000	-1.000000	-1.000000	-1.000000	-1.000000	26.000000	122.000000	9.000000
19900131	1990	1	31	6.600000	7.900000	449.000000	9.900000	4.000000	49.000000	-1.000000	0.150000	0.100000	14.000000	2.000000	-1.000000	0.390000	0.400000	-1.000000	179.000000	-1.000000	-1.000000	-1.000000	-1.000000	17.000000	85.000000	5.000000
19900626	1990	6	26	-1.000000	8.200000	681.000000	-1.000000	2.000000	18.000000	-1.000000	0.100000	0.150000	12.000000	2.700000	-1.000000	0.230000	0.500000	-1.000000	303.000000	-1.000000	-1.000000	-1.000000	-1.000000	35.000000	171.000000	10.000000
19900724	1990	7	24	-1.000000	8.200000	658.000000	-1.000000	4.000000	18.000000	-1.000000	0.100000	0.100000	8.000000	2.100000	-1.000000	0.390000	0.500000	-1.000000	277.000000	-1.000000	-1.000000	-1.000000	-1.000000	37.000000	139.000000	11.000000
19900801	1990	8	1	-1.000000	8.300000	650.000000	-1.000000	4.000000	13.000000	-1.000000	0.100000	0.100000	7.000000	2.500000	-1.000000	0.210000	0.400000	-1.000000	270.000000	-1.000000	-1.000000	-1.000000	-1.000000	36.000000	80.000000	9.000000
19900925	1990	9	25	-1.000000	8.100000	708.000000	-1.000000	4.000000	15.000000	-1.000000	0.100000	0.250000	11.000000	2.700000	-1.000000	0.290000	0.700000	-1.000000	299.000000	-1.000000	-1.000000	-1.000000	-1.000000	44.000000	89.000000	9.000000
19901023	1990	10	23	-1.000000	7.800000	523.000000	-1.000000	2.000000	24.000000	-1.000000	0.300000	0.350000	12.000000	2.000000	-1.000000	0.390000	0.800000	-1.000000	312.000000	-1.000000	-1.000000	-1.000000	-1.000000	38.000000	108.000000	9.000000
19901127	1990	11	27	-1.000000	7.800000	658.000000	-1.000000	4.000000	50.000000	-1.000000	0.650000	0.150000	14.000000	3.200000	-1.000000	0.280000	0.600000	-1.000000	279.000000	-1.000000	-1.000000	-1.000000	-1.000000	32.000000	127.000000	7.000000
19910129	1991	1	29	3.000000	7.900000	635.000000	12.500000	4.000000	16.000000	-1.000000	0.500000	0.100000	18.000000	1.900000	-1.000000	0.320000	0.400000	-1.000000	272.000000	-1.000000	-1.000000	-1.000000	-1.000000	26.000000	126.000000	8.000000
19910625	1991	6	25	16.200001	8.100000	632.000000	10.600000	3.500000	38.400002	-1.000000	0.100000	0.200000	11.000000	1.900000	-1.000000	0.210000	0.250000	-1.000000	300.000000	-1.000000	-1.000000	-1.000000	-1.000000	33.000000	130.000000	9.700000
19910723	1991	7	23	17.799999	7.900000	629.000000	8.000000	3.100000	13.600000	-1.000000	0.250000	0.300000	12.000000	1.700000	-1.000000	0.270000	0.600000	-1.000000	292.000000	-1.000000	-1.000000	-1.000000	-1.000000	33.000000	114.000000	9.900000
19910812	1991	8	12	19.100000	8.200000	612.000000	10.300000	2.200000	21.200001	-1.000000	0.100000	0.200000	10.000000	0.700000	-1.000000	0.300000	0.800000	-1.000000	296.000000	-1.000000	-1.000000	-1.000000	-1.000000	28.000000	105.000000	10.200000
19910924	1991	9	24	14.400000	8.100000	674.000000	8.900000	2.400000	17.200001	-1.000000	0.300000	0.350000	12.000000	1.500000	-1.000000	0.260000	0.500000	-1.000000	301.000000	-1.000000	-1.000000	-1.000000	-1.000000	43.000000	113.000000	9.300000
19911022	1991	10	22	7.900000	7.900000	725.000000	10.100000	2.100000	18.400000	-1.000000	0.400000	0.300000	13.000000	2.300000	-1.000000	0.420000	0.850000	-1.000000	316.000000	-1.000000	-1.000000	-1.000000	-1.000000	40.000000	113.000000	10.700000
19911119	1991	11	19	5.400000	7.600000	583.000000	10.800000	3.300000	23.200001	-1.000000	0.550000	0.200000	14.000000	1.600000	-1.000000	0.340000	0.700000	-1.000000	248.000000	-1.000000	-1.000000	-1.000000	-1.000000	27.000000	95.599998	8.200000
19920128	1992	1	28	0.600000	7.900000	692.000000	12.600000	1.100000	18.799999	-1.000000	0.800000	0.100000	17.000000	1.800000	-1.000000	0.260000	0.550000	-1.000000	300.000000	-1.000000	-1.000000	-1.000000	-1.000000	35.000000	127.000000	9.500000
19920623	1992	6	23	14.400000	7.850000	566.000000	9.200000	3.100000	22.000000	-1.000000	0.200000	0.250000	13.000000	1.100000	-1.000000	0.150000	0.400000	-1.000000	267.000000	-1.000000	-1.000000	-1.000000	-1.000000	23.000000	102.000000	7.200000
19920721	1992	7	21	18.100000	8.050000	581.000000	9.100000	3.900000	22.400000	-1.000000	0.100000	0.100000	10.000000	1.700000	-1.000000	0.210000	0.550000	-1.000000	273.000000	-1.000000	-1.000000	-1.000000	-1.000000	27.000000	92.000000	8.100000
19920811	1992	8	11	17.700001	8.050000	571.000000	9.600000	3.200000	16.000000	-1.000000	0.100000	0.100000	7.000000	1.400000	-1.000000	0.230000	0.500000	-1.000000	272.000000	-1.000000	-1.000000	-1.000000	-1.000000	28.000000	105.000000	8.600000
19920922	1992	9	22	12.600000	7.900000	617.000000	8.700000	2.900000	24.000000	-1.000000	0.300000	0.250000	15.000000	1.100000	-1.000000	0.200000	0.550000	-1.000000	278.000000	-1.000000	-1.000000	-1.000000	-1.000000	29.000000	118.000000	8.100000
19921020	1992	10	20	5.600000	7.950000	712.000000	11.600000	2.000000	12.400000	-1.000000	0.450000	0.200000	17.000000	1.500000	-1.000000	0.290000	0.700000	-1.000000	318.000000	-1.000000	-1.000000	-1.000000	-1.000000	35.000000	110.000000	10.300000
19921117	1992	11	17	4.300000	7.850000	499.000000	11.500000	2.200000	48.000000	-1.000000	0.350000	0.150000	13.000000	1.700000	-1.000000	0.300000	0.500000	-1.000000	216.000000	-1.000000	-1.000000	-1.000000	-1.000000	19.000000	89.699997	6.600000
19930119	1993	1	19	3.900000	7.750000	429.000000	11.400000	2.000000	27.600000	-1.000000	0.100000	0.150000	16.000000	1.200000	-1.000000	0.250000	0.500000	-1.000000	181.000000	-1.000000	-1.000000	-1.000000	-1.000000	16.000000	-1.000000	-1.000000
19930615	1993	6	15	15.800000	7.850000	657.000000	8.000000	3.500000	27.600000	-1.000000	0.600000	0.350000	16.000000	2.000000	-1.000000	0.330000	0.500000	-1.000000	298.000000	-1.000000	-1.000000	-1.000000	-1.000000	27.000000	-1.000000	-1.000000
19930720	1993	7	20	17.900000	8.000000	628.000000	8.300000	4.500000	43.200001	-1.000000	0.100000	0.200000	13.000000	1.300000	-1.000000	0.400000	0.550000	-1.000000	288.000000	-1.000000	-1.000000	-1.000000	-1.000000	32.000000	-1.000000	-1.000000
19930824	1993	8	24	17.500000	8.150000	587.000000	8.300000	2.500000	33.200001	-1.000000	0.100000	0.150000	10.000000	2.300000	-1.000000	0.210000	0.350000	-1.000000	276.000000	-1.000000	-1.000000	-1.000000	-1.000000	25.000000	-1.000000	-1.000000
19930914	1993	9	14	15.000000	8.050000	668.000000	8.300000	1.600000	23.200001	-1.000000	0.400000	0.250000	12.000000	0.700000	-1.000000	0.280000	0.500000	-1.000000	295.000000	-1.000000	-1.000000	-1.000000	-1.000000	38.000000	-1.000000	-1.000000
19931012	1993	10	12	13.300000	7.850000	514.000000	7.800000	3.500000	36.000000	-1.000000	0.450000	0.250000	13.000000	1.800000	-1.000000	0.210000	0.500000	-1.000000	218.000000	-1.000000	-1.000000	-1.000000	-1.000000	23.000000	-1.000000	-1.000000
19931123	1993	11	23	3.300000	7.850000	609.000000	11.100000	2.300000	27.799999	-1.000000	0.400000	0.100000	16.000000	1.300000	-1.000000	0.240000	0.450000	-1.000000	272.000000	-1.000000	-1.000000	-1.000000	-1.000000	28.000000	-1.000000	-1.000000
19940111	1994	1	11	4.600000	8.000000	574.000000	9.800000	1.300000	11.200000	-1.000000	0.100000	0.100000	15.000000	1.400000	-1.000000	0.110000	0.300000	-1.000000	-1.000000	-1.000000	-1.000000	-1.000000	-1.000000	-1.000000	-1.000000	-1.000000
19940614	1994	6	14	16.299999	8.300000	713.000000	9.400000	2.600000	26.400000	-1.000000	0.100000	0.200000	18.000000	0.300000	-1.000000	0.200000	0.300000	-1.000000	-1.000000	-1.000000	-1.000000	-1.000000	-1.000000	-1.000000	-1.000000	-1.000000
19940712	1994	7	12	21.799999	8.600000	673.000000	8.900000	2.900000	25.600000	-1.000000	0.100000	0.150000	15.000000	1.800000	-1.000000	0.300000	0.100000	-1.000000	-1.000000	-1.000000	-1.000000	-1.000000	-1.000000	-1.000000	-1.000000	-1.000000
19940913	1994	9	13	16.000000	8.400000	767.000000	7.300000	2.400000	14.400000	-1.000000	0.100000	0.200000	28.000000	2.100000	-1.000000	0.200000	0.450000	38.000000	296.000000	-1.000000	-1.000000	17.000000	3.900000	28.000000	106.000000	7.500000
19941011	1994	10	11	10.500000	8.700000	827.000000	7.600000	2.800000	12.000000	-1.000000	0.150000	0.200000	17.000000	1.700000	-1.000000	0.200000	0.400000	-1.000000	-1.000000	-1.000000	-1.000000	-1.000000	-1.000000	-1.000000	-1.000000	-1.000000
19941115	1994	11	15	11.400000	8.200000	814.000000	8.500000	1.600000	14.800000	-1.000000	0.400000	0.300000	15.000000	1.600000	-1.000000	0.300000	0.750000	-1.000000	-1.000000	-1.000000	-1.000000	-1.000000	-1.000000	-1.000000	-1.000000	-1.000000
19950110	1995	1	10	4.400000	7.700000	663.000000	10.900000	1.300000	44.000000	-1.000000	0.300000	0.150000	17.000000	1.000000	-1.000000	0.200000	0.450000	-1.000000	-1.000000	-1.000000	-1.000000	-1.000000	-1.000000	-1.000000	-1.000000	-1.000000
19950613	1995	6	13	13.300000	8.200000	748.000000	9.600000	1.400000	14.400000	-1.000000	0.150000	0.200000	18.000000	1.000000	-1.000000	0.200000	0.450000	-1.000000	-1.000000	-1.000000	-1.000000	-1.000000	-1.000000	-1.000000	-1.000000	-1.000000
19950711	1995	7	11	21.500000	8.300000	727.000000	8.100000	3.100000	36.200001	-1.000000	0.100000	0.150000	16.000000	1.000000	-1.000000	0.180000	0.350000	-1.000000	-1.000000	-1.000000	-1.000000	-1.000000	-1.000000	-1.000000	-1.000000	-1.000000
19950912	1995	9	12	15.500000	8.200000	646.000000	7.800000	1.400000	16.400000	-1.000000	0.100000	0.200000	18.000000	1.000000	-1.000000	0.280000	0.500000	41.000000	-1.000000	-1.000000	-1.000000	16.000000	4.000000	29.000000	107.000000	5.800000
19951010	1995	10	10	14.800000	8.100000	619.000000	6.600000	1.900000	26.000000	-1.000000	0.350000	0.250000	16.000000	1.000000	-1.000000	0.180000	0.450000	-1.000000	-1.000000	-1.000000	-1.000000	-1.000000	-1.000000	-1.000000	-1.000000	-1.000000
19951114	1995	11	14	8.900000	8.000000	747.000000	9.700000	1.000000	27.000000	-1.000000	0.100000	0.200000	19.000000	1.000000	-1.000000	0.170000	0.450000	-1.000000	-1.000000	-1.000000	-1.000000	-1.000000	-1.000000	-1.000000	-1.000000	-1.000000
19960116	1996	1	16	5.300000	7.900000	586.000000	12.100000	2.000000	48.000000	-1.000000	0.300000	0.200000	20.000000	1.000000	-1.000000	0.220000	0.650000	-1.000000	-1.000000	-1.000000	-1.000000	-1.000000	-1.000000	-1.000000	-1.000000	-1.000000
19960611	1996	6	11	22.500000	8.100000	690.000000	8.000000	2.700000	27.000000	-1.000000	0.450000	0.250000	11.000000	2.000000	-1.000000	0.260000	0.600000	-1.000000	-1.000000	-1.000000	-1.000000	-1.000000	-1.000000	-1.000000	-1.000000	-1.000000
19960709	1996	7	9	17.000000	8.100000	933.000000	9.900000	3.200000	29.000000	-1.000000	0.100000	0.250000	12.000000	1.000000	-1.000000	0.210000	0.400000	-1.000000	-1.000000	-1.000000	-1.000000	-1.000000	-1.000000	-1.000000	-1.000000	-1.000000
19960910	1996	9	10	15.300000	8.200000	643.000000	9.400000	2.700000	39.000000	-1.000000	0.100000	0.100000	11.000000	1.000000	-1.000000	0.210000	0.350000	53.000000	-1.000000	-1.000000	-1.000000	22.000000	7.000000	36.000000	90.599998	8.600000
19961008	1996	10	8	11.300000	8.000000	733.000000	10.100000	2.800000	11.000000	-1.000000	0.200000	0.250000	15.000000	1.000000	-1.000000	0.210000	0.550000	-1.000000	-1.000000	-1.000000	-1.000000	-1.000000	-1.000000	-1.000000	-1.000000	-1.000000
19961112	1996	11	12	9.100000	7.700000	596.000000	9.100000	2.400000	13.000000	-1.000000	0.850000	0.250000	12.000000	1.000000	-1.000000	0.270000	0.600000	-1.000000	-1.000000	-1.000000	-1.000000	-1.000000	-1.000000	-1.000000	-1.000000	-1.000000
19970107	1997	1	7	1.000000	7.400000	748.000000	10.600000	4.200000	8.900000	-1.000000	0.600000	0.200000	21.000000	1.000000	-1.000000	0.170000	0.400000	50.000000	-1.000000	-1.000000	-1.000000	17.000000	5.200000	29.000000	114.000000	9.600000
19970603	1997	6	3	18.500000	8.300000	590.000000	8.200000	3.200000	41.000000	-1.000000	0.200000	0.150000	13.000000	2.000000	-1.000000	0.130000	0.200000	37.000000	-1.000000	-1.000000	-1.000000	13.000000	3.400000	28.000000	94.400002	7.500000
19970701	1997	7	1	17.000000	8.000000	539.000000	7.900000	1.600000	54.000000	-1.000000	0.150000	0.250000	13.000000	1.000000	-1.000000	0.200000	0.400000	37.000000	-1.000000	-1.000000	-1.000000	16.000000	4.000000	25.000000	87.500000	6.600000
19970902	1997	9	2	20.500000	8.100000	620.000000	9.600000	2.200000	29.000000	-1.000000	0.100000	0.150000	16.000000	1.000000	-1.000000	0.180000	0.400000	45.000000	-1.000000	-1.000000	-1.000000	19.000000	4.200000	35.000000	106.000000	6.600000
19971001	1997	10	1	16.500000	8.000000	710.000000	11.500000	2.200000	26.000000	-1.000000	0.100000	0.150000	13.000000	1.000000	-1.000000	0.190000	0.350000	55.000000	-1.000000	-1.000000	-1.000000	30.000000	5.800000	46.000000	100.000000	8.500000
19971104	1997	11	4	5.800000	7.500000	771.000000	11.200000	3.700000	24.000000	-1.000000	0.500000	0.200000	17.000000	1.000000	-1.000000	0.310000	0.250000	53.000000	-1.000000	-1.000000	-1.000000	25.000000	6.500000	44.000000	112.000000	10.200000
19980106	1998	1	6	6.200000	7.500000	248.000000	11.200000	3.500000	120.000000	-1.000000	0.300000	0.150000	20.000000	-1.000000	-1.000000	0.330000	0.650000	33.000000	-1.000000	-1.000000	-1.000000	9.000000	4.500000	20.000000	66.099998	4.300000
19980603	1998	6	3	18.400000	7.900000	603.000000	8.200000	3.200000	21.000000	-1.000000	0.150000	0.200000	18.000000	-1.000000	-1.000000	0.130000	0.250000	44.000000	-1.000000	-1.000000	-1.000000	21.000000	5.100000	31.000000	112.000000	6.800000
19980701	1998	7	1	19.000000	8.100000	585.000000	9.500000	3.800000	44.000000	-1.000000	0.100000	0.100000	16.000000	-1.000000	-1.000000	0.100000	0.300000	39.000000	-1.000000	-1.000000	-1.000000	16.000000	4.100000	31.000000	104.000000	7.600000
19980902	1998	9	2	18.500000	8.100000	570.000000	9.000000	2.800000	18.000000	-1.000000	0.200000	0.200000	17.000000	-1.000000	-1.000000	0.150000	0.350000	37.000000	-1.000000	-1.000000	-1.000000	20.000000	4.000000	28.000000	100.000000	6.500000
19981005	1998	10	5	12.200000	7.800000	623.000000	9.200000	1.900000	14.000000	-1.000000	0.200000	0.200000	16.000000	-1.000000	-1.000000	0.140000	0.350000	46.000000	-1.000000	-1.000000	-1.000000	20.000000	5.600000	34.000000	103.000000	8.300000
19981103	1998	11	3	9.500000	-1.000000	-1.000000	-1.000000	3.200000	280.000000	-1.000000	0.250000	0.250000	14.000000	-1.000000	-1.000000	0.330000	0.950000	33.000000	-1.000000	-1.000000	-1.000000	10.000000	6.100000	20.000000	69.199997	4.500000
19990106	1999	1	6	8.300000	7.700000	-1.000000	10.400000	2.600000	72.000000	-1.000000	0.150000	0.200000	19.000000	-1.000000	-1.000000	0.130000	0.400000	31.000000	-1.000000	-1.000000	-1.000000	9.000000	3.200000	19.000000	92.000000	5.400000
19990602	1999	6	2	20.500000	7.900000	-1.000000	7.290000	3.800000	83.000000	-1.000000	0.150000	0.200000	21.000000	-1.000000	-1.000000	0.350000	0.250000	38.000000	-1.000000	-1.000000	-1.000000	17.000000	3.400000	29.000000	105.000000	7.500000
19990712	1999	7	12	23.000000	8.000000	-1.000000	7.540000	2.100000	22.000000	-1.000000	0.100000	0.250000	16.000000	-1.000000	-1.000000	0.220000	0.350000	33.000000	-1.000000	-1.000000	-1.000000	18.000000	4.100000	26.000000	89.099998	7.200000
19990907	1999	9	7	19.000000	7.950000	-1.000000	6.490000	3.000000	37.000000	-1.000000	0.300000	0.250000	18.000000	-1.000000	-1.000000	0.760000	0.400000	40.000000	-1.000000	-1.000000	-1.000000	20.000000	4.500000	30.000000	95.000000	8.500000
19991005	1999	10	5	12.700000	7.700000	-1.000000	7.960000	3.000000	170.000000	-1.000000	0.250000	0.350000	16.000000	-1.000000	-1.000000	0.180000	0.450000	42.000000	-1.000000	-1.000000	-1.000000	21.000000	4.300000	31.000000	103.000000	8.100000
19991103	1999	11	3	11.600000	7.600000	-1.000000	7.140000	2.200000	13.000000	-1.000000	0.300000	0.250000	19.000000	-1.000000	-1.000000	0.180000	0.400000	54.000000	-1.000000	-1.000000	-1.000000	22.000000	5.100000	37.000000	112.000000	10.000000
20000104	2000	1	4	6.500000	7.200000	-1.000000	9.110000	0.500000	19.000000	-1.000000	0.100000	0.090000	16.500000	-1.000000	-1.000000	0.140000	0.190000	39.900002	199.000000	-1.000000	-1.000000	8.700000	4.300000	18.200001	85.800003	5.430000
20000606	2000	6	6	16.000000	7.900000	-1.000000	7.530000	1.400000	42.000000	-1.000000	0.220000	0.400000	17.200001	-1.000000	-1.000000	0.150000	0.210000	38.900002	311.000000	-1.000000	-1.000000	16.600000	4.600000	27.700001	111.000000	7.900000
20000704	2000	7	4	19.100000	7.800000	-1.000000	6.190000	2.800000	21.000000	-1.000000	0.160000	0.430000	22.200001	-1.000000	-1.000000	0.130000	0.290000	40.900002	267.000000	-1.000000	-1.000000	19.500000	4.600000	30.299999	106.000000	7.900000
20000905	2000	9	5	16.799999	8.500000	-1.000000	9.140000	2.000000	22.000000	-1.000000	0.200000	0.140000	17.400000	-1.000000	-1.000000	0.110000	0.180000	39.299999	307.000000	-1.000000	-1.000000	18.100000	4.500000	30.400000	119.000000	9.330000
20001003	2000	10	3	14.500000	8.080000	-1.000000	8.020000	1.900000	25.000000	-1.000000	0.250000	0.230000	19.200001	-1.000000	-1.000000	0.110000	0.210000	40.500000	332.000000	-1.000000	-1.000000	18.100000	4.600000	30.500000	122.000000	9.050000
20001107	2000	11	7	9.000000	7.940000	-1.000000	9.010000	1.500000	43.000000	-1.000000	0.260000	0.220000	15.600000	-1.000000	-1.000000	0.110000	0.220000	40.400002	295.000000	-1.000000	-1.000000	13.900000	5.200000	24.000000	111.000000	7.860000
20010109	2001	1	9	5.400000	7.910000	466.740997	9.370000	2.700000	41.000000	-1.000000	0.100000	0.140000	11.700000	-1.000000	-1.000000	0.200000	0.400000	35.799999	214.000000	-1.000000	-1.000000	8.500000	4.700000	16.600000	84.500000	5.310000
20010606	2001	6	6	14.900000	8.050000	658.536987	9.920000	2.700000	42.000000	-1.000000	0.160000	0.140000	23.299999	-1.000000	-1.000000	0.070000	0.190000	33.500000	338.000000	-1.000000	-1.000000	14.600000	3.100000	26.799999	124.000000	7.420000
20010703	2001	7	3	21.000000	8.160000	647.450012	8.500000	3.400000	53.000000	-1.000000	0.130000	0.160000	21.700001	-1.000000	-1.000000	0.090000	0.090000	34.400002	326.000000	-1.000000	-1.000000	15.400000	3.600000	28.400000	126.000000	7.800000
20010904	2001	9	4	16.500000	8.040000	701.773987	8.160000	2.100000	19.000000	-1.000000	0.170000	0.120000	20.600000	-1.000000	-1.000000	0.070000	0.120000	42.000000	304.000000	-1.000000	-1.000000	18.200001	4.000000	30.299999	115.000000	8.530000
20011002	2001	10	2	15.000000	8.050000	697.338989	8.120000	2.600000	34.000000	-1.000000	0.160000	0.210000	19.700001	-1.000000	-1.000000	0.060000	0.190000	38.900002	298.000000	-1.000000	-1.000000	14.900000	4.300000	25.299999	114.000000	7.910000
20011106	2001	11	6	9.300000	8.060000	884.700989	9.430000	1.000000	17.000000	-1.000000	0.220000	0.170000	19.700001	-1.000000	-1.000000	0.110000	0.300000	45.599998	328.000000	-1.000000	-1.000000	16.700001	4.200000	28.200001	125.000000	8.860000
20020108	2002	1	8	2.800000	8.000000	1011.000000	8.900000	2.400000	21.000000	3.110000	0.270000	0.100000	21.000000	-1.000000	-1.000000	0.080000	0.220000	48.000000	300.000000	-1.000000	-1.000000	11.500000	3.700000	22.799999	106.000000	8.040000
20020604	2002	6	4	17.400000	7.950000	655.000000	7.030000	2.400000	49.000000	2.980000	0.250000	0.360000	20.799999	-1.000000	-1.000000	0.180000	0.260000	39.000000	289.000000	-1.000000	-1.000000	14.800000	3.700000	26.900000	111.000000	8.300000
20020702	2002	7	2	17.000000	8.050000	693.000000	7.890000	1.600000	26.000000	3.240000	0.340000	0.330000	21.100000	-1.000000	-1.000000	0.110000	0.150000	45.299999	310.000000	-1.000000	-1.000000	18.200001	4.100000	31.200001	111.000000	8.900000
20020903	2002	9	3	17.799999	7.950000	635.000000	8.250000	2.000000	37.000000	4.470000	0.240000	0.200000	18.200001	-1.000000	-1.000000	0.100000	0.150000	42.500000	288.000000	-1.000000	-1.000000	16.700001	4.600000	28.700001	109.000000	8.570000
20021008	2002	10	8	13.000000	8.170000	820.000000	9.910000	2.900000	21.000000	3.080000	0.110000	0.130000	20.000000	-1.000000	-1.000000	0.070000	0.150000	53.400002	333.000000	-1.000000	-1.000000	22.700001	4.700000	36.200001	118.000000	9.130000
20021106	2002	11	6	11.300000	7.970000	529.000000	8.830000	2.000000	122.000000	8.110000	0.220000	0.210000	13.100000	-1.000000	-1.000000	0.180000	0.160000	31.299999	181.000000	-1.000000	-1.000000	10.200000	6.000000	18.400000	77.400002	5.080000
20030107	2003	1	7	3.100000	8.100000	570.000000	10.400000	1.900000	54.000000	7.360000	0.220000	0.080000	10.400000	-1.000000	-1.000000	0.150000	0.320000	22.900000	166.000000	-1.000000	-1.000000	6.700000	4.300000	11.500000	69.500000	4.080000
20030204	2003	2	4	4.000000	8.600000	809.000000	11.600000	1.600000	17.000000	3.900000	0.050000	0.080000	19.299999	-1.000000	-1.000000	0.070000	0.120000	-1.000000	-1.000000	-1.000000	-1.000000	-1.000000	-1.000000	-1.000000	-1.000000	-1.000000
20030304	2003	3	4	8.700000	8.200000	847.000000	10.000000	2.400000	30.000000	2.970000	0.200000	0.100000	24.100000	-1.000000	-1.000000	0.070000	0.100000	-1.000000	-1.000000	-1.000000	-1.000000	-1.000000	-1.000000	-1.000000	-1.000000	-1.000000
20030408	2003	4	8	9.700000	8.240000	636.000000	12.700000	3.100000	17.000000	2.410000	0.010000	0.100000	22.100000	-1.000000	-1.000000	0.070000	0.030000	36.200001	288.000000	-1.000000	-1.000000	13.700000	3.200000	27.200001	114.000000	8.070000
20030505	2003	5	5	15.300000	8.250000	704.000000	9.170000	4.200000	24.000000	2.930000	0.160000	0.190000	19.700001	-1.000000	-1.000000	0.070000	0.060000	-1.000000	-1.000000	-1.000000	-1.000000	-1.000000	-1.000000	-1.000000	-1.000000	-1.000000
20030603	2003	6	3	19.100000	8.200000	629.000000	7.540000	2.000000	28.000000	3.470000	0.150000	0.160000	18.700001	-1.000000	-1.000000	0.070000	0.130000	-1.000000	-1.000000	-1.000000	-1.000000	-1.000000	-1.000000	-1.000000	-1.000000	-1.000000
20030702	2003	7	2	19.700001	8.300000	583.000000	8.270000	1.000000	33.000000	3.710000	0.200000	0.180000	19.200001	-1.000000	-1.000000	0.080000	0.140000	73.800003	287.000000	-1.000000	-1.000000	19.700001	4.500000	33.099998	113.000000	9.780000
20030805	2003	8	5	24.600000	8.070000	573.000000	9.650000	2.000000	24.000000	3.010000	0.080000	0.100000	14.600000	-1.000000	-1.000000	0.070000	0.100000	-1.000000	-1.000000	-1.000000	-1.000000	-1.000000	-1.000000	-1.000000	-1.000000	-1.000000
20030902	2003	9	2	17.600000	8.300000	682.000000	7.980000	2.600000	19.000000	2.880000	0.120000	0.140000	16.299999	-1.000000	-1.000000	0.070000	0.140000	-1.000000	-1.000000	-1.000000	-1.000000	-1.000000	-1.000000	-1.000000	-1.000000	-1.000000
20031007	2003	10	7	12.500000	8.270000	839.000000	8.170000	2.600000	23.000000	3.190000	0.250000	0.180000	20.900000	-1.000000	-1.000000	0.110000	0.190000	51.700001	300.000000	-1.000000	-1.000000	28.000000	5.100000	42.000000	115.000000	10.100000
20031104	2003	11	4	9.100000	8.290000	924.000000	9.140000	2.500000	16.000000	3.290000	0.360000	0.180000	18.000000	-1.000000	-1.000000	0.100000	0.030000	-1.000000	-1.000000	-1.000000	-1.000000	-1.000000	-1.000000	-1.000000	-1.000000	-1.000000
20031202	2003	12	2	8.800000	8.310000	652.000000	9.700000	1.800000	73.000000	3.530000	0.410000	0.270000	32.000000	-1.000000	-1.000000	0.130000	0.200000	-1.000000	-1.000000	-1.000000	-1.000000	-1.000000	-1.000000	-1.000000	-1.000000	-1.000000
20040106	2004	1	6	3.900000	8.340000	977.000000	9.130000	2.000000	21.000000	4.340000	0.450000	0.130000	20.500000	-1.000000	-1.000000	0.110000	0.030000	53.799999	277.000000	-1.000000	-1.000000	18.000000	4.200000	30.700001	108.000000	7.940000
20040203	2004	2	3	7.700000	8.330000	807.000000	9.920000	3.800000	72.000000	3.660000	0.300000	0.150000	22.100000	-1.000000	-1.000000	0.130000	0.230000	-1.000000	-1.000000	-1.000000	-1.000000	-1.000000	-1.000000	-1.000000	-1.000000	-1.000000
20040302	2004	3	2	4.800000	8.510000	1114.000000	11.410000	4.000000	13.000000	2.540000	0.270000	0.150000	20.799999	-1.000000	-1.000000	0.070000	0.080000	-1.000000	-1.000000	-1.000000	-1.000000	-1.000000	-1.000000	-1.000000	-1.000000	-1.000000
20040406	2004	4	6	11.400000	8.520000	848.000000	10.060000	2.600000	20.000000	4.030000	0.230000	0.140000	16.200001	-1.000000	-1.000000	0.090000	0.110000	45.799999	284.000000	-1.000000	-1.000000	18.000000	4.500000	29.900000	105.000000	8.100000
20040504	2004	5	4	15.400000	8.360000	787.000000	11.950000	3.400000	34.000000	3.300000	0.110000	0.120000	14.500000	-1.000000	-1.000000	0.070000	0.060000	-1.000000	-1.000000	-1.000000	-1.000000	-1.000000	-1.000000	-1.000000	-1.000000	-1.000000
20040608	2004	6	8	21.799999	8.760000	685.000000	9.670000	2.300000	36.000000	3.180000	0.100000	0.170000	14.800000	-1.000000	-1.000000	0.080000	0.200000	-1.000000	-1.000000	-1.000000	-1.000000	-1.000000	-1.000000	-1.000000	-1.000000	-1.000000
20040705	2004	7	5	18.900000	9.130000	797.000000	8.000000	3.700000	34.000000	3.140000	0.220000	0.110000	13.800000	-1.000000	-1.000000	0.120000	0.130000	58.400002	289.000000	-1.000000	-1.000000	29.900000	5.300000	44.500000	108.000000	9.090000
20040803	2004	8	3	23.000000	9.060000	642.000000	8.680000	2.500000	174.000000	3.640000	0.170000	0.100000	10.400000	-1.000000	-1.000000	0.100000	0.160000	-1.000000	-1.000000	-1.000000	-1.000000	-1.000000	-1.000000	-1.000000	-1.000000	-1.000000
20040907	2004	9	7	20.000000	8.970000	651.000000	7.500000	2.400000	37.000000	4.700000	0.140000	0.110000	14.200000	-1.000000	-1.000000	0.120000	0.140000	-1.000000	-1.000000	-1.000000	-1.000000	-1.000000	-1.000000	-1.000000	-1.000000	-1.000000
20041005	2004	10	5	15.300000	9.110000	861.000000	7.480000	1.800000	31.000000	2.880000	0.190000	0.180000	17.100000	-1.000000	-1.000000	0.110000	0.150000	54.599998	301.000000	-1.000000	-1.000000	28.200001	5.200000	39.700001	115.000000	8.290000
20041109	2004	11	9	9.800000	8.590000	937.000000	8.370000	1.400000	19.000000	3.880000	0.250000	0.160000	16.200001	-1.000000	-1.000000	0.120000	0.320000	-1.000000	-1.000000	-1.000000	-1.000000	-1.000000	-1.000000	-1.000000	-1.000000	-1.000000
20041207	2004	12	7	6.500000	8.200000	1037.000000	9.350000	3.000000	13.000000	2.870000	0.340000	0.150000	16.900000	-1.000000	-1.000000	0.140000	0.220000	-1.000000	-1.000000	-1.000000	-1.000000	-1.000000	-1.000000	-1.000000	-1.000000	-1.000000
20050104	2005	1	4	5.900000	8.300000	837.000000	9.320000	1.600000	47.000000	3.870000	0.230000	0.180000	17.799999	-1.000000	-1.000000	0.140000	0.170000	37.799999	246.000000	-1.000000	-1.000000	13.300000	4.100000	23.600000	89.699997	5.940000
20050202	2005	2	2	5.300000	7.960000	1040.000000	8.960000	0.600000	17.000000	2.900000	0.340000	0.110000	19.299999	-1.000000	-1.000000	0.100000	0.120000	-1.000000	-1.000000	-1.000000	-1.000000	-1.000000	-1.000000	-1.000000	-1.000000	-1.000000
20050301	2005	3	1	2.500000	8.190000	1090.000000	10.380000	3.000000	33.000000	3.070000	0.290000	0.070000	22.299999	-1.000000	-1.000000	0.080000	0.150000	-1.000000	-1.000000	-1.000000	-1.000000	-1.000000	-1.000000	-1.000000	-1.000000	-1.000000
20050405	2005	4	5	12.800000	8.220000	835.000000	8.000000	3.100000	23.000000	3.550000	0.680000	0.170000	18.400000	-1.000000	-1.000000	0.090000	0.180000	44.700001	289.000000	-1.000000	-1.000000	17.400000	4.400000	30.700001	110.000000	7.850000
20050503	2005	5	3	17.500000	8.200000	681.000000	6.200000	1.300000	17.000000	4.030000	0.090000	0.400000	15.200000	-1.000000	-1.000000	0.080000	0.180000	-1.000000	-1.000000	-1.000000	-1.000000	-1.000000	-1.000000	-1.000000	-1.000000	-1.000000
20050607	2005	6	7	16.600000	8.170000	786.000000	7.300000	1.700000	34.000000	2.980000	0.480000	0.180000	16.900000	-1.000000	-1.000000	0.160000	0.310000	-1.000000	-1.000000	-1.000000	-1.000000	-1.000000	-1.000000	-1.000000	-1.000000	-1.000000
20050705	2005	7	5	16.600000	8.170000	786.000000	7.300000	1.700000	37.000000	3.380000	0.380000	0.270000	14.700000	-1.000000	-1.000000	0.290000	0.600000	42.900002	292.000000	-1.000000	-1.000000	24.500000	5.300000	36.400002	105.000000	7.640000
20050802	2005	8	2	20.500000	8.180000	646.000000	6.900000	2.300000	22.000000	2.980000	0.170000	0.140000	13.000000	-1.000000	-1.000000	0.140000	0.260000	-1.000000	-1.000000	-1.000000	-1.000000	-1.000000	-1.000000	-1.000000	-1.000000	-1.000000
20050906	2005	9	6	20.500000	8.150000	702.000000	7.300000	1.300000	29.000000	3.270000	0.180000	0.140000	14.000000	-1.000000	-1.000000	0.110000	0.280000	-1.000000	-1.000000	-1.000000	-1.000000	-1.000000	-1.000000	-1.000000	-1.000000	-1.000000
20051004	2005	10	4	13.100000	8.060000	907.000000	7.380000	1.900000	14.000000	3.120000	0.260000	0.240000	15.700000	-1.000000	-1.000000	0.150000	0.340000	49.299999	298.000000	-1.000000	-1.000000	28.900000	5.500000	41.900002	108.000000	8.840000
20051108	2005	11	8	12.100000	8.130000	925.000000	10.000000	1.070000	16.000000	3.720000	0.010000	0.270000	16.200001	-1.000000	-1.000000	0.140000	0.350000	-1.000000	-1.000000	-1.000000	-1.000000	-1.000000	-1.000000	-1.000000	-1.000000	-1.000000
20051206	2005	12	6	6.100000	8.240000	963.000000	9.800000	2.100000	34.000000	4.890000	0.010000	0.160000	16.700001	-1.000000	-1.000000	0.140000	0.230000	-1.000000	-1.000000	-1.000000	-1.000000	-1.000000	-1.000000	-1.000000	-1.000000	-1.000000
20060103	2006	1	3	4.900000	8.280000	1048.000000	11.600000	1.500000	33.000000	3.760000	0.040000	0.150000	18.400000	-1.000000	-1.000000	0.180000	0.270000	44.200001	303.000000	-1.000000	-1.000000	15.600000	4.000000	29.100000	109.000000	8.200000
20060207	2006	2	7	4.300000	8.060000	1140.000000	11.800000	1.500000	13.000000	4.380000	0.450000	0.110000	16.400000	-1.000000	-1.000000	0.120000	0.240000	50.400002	299.000000	-1.000000	-1.000000	22.200001	4.000000	35.299999	112.000000	8.430000
20060308	2006	3	8	4.300000	8.020000	1126.000000	10.500000	1.300000	23.000000	5.020000	0.270000	0.120000	19.799999	-1.000000	-1.000000	0.120000	0.210000	53.200001	281.000000	-1.000000	-1.000000	20.500000	3.800000	36.799999	111.000000	8.010000
20060404	2006	4	4	10.600000	8.050000	613.000000	9.100000	1.300000	62.000000	6.900000	0.200000	0.170000	15.800000	-1.000000	-1.000000	0.210000	0.210000	20.299999	188.000000	-1.000000	-1.000000	10.000000	3.900000	19.700001	78.400002	4.850000
20060503	2006	5	3	14.300000	8.310000	777.000000	11.400000	0.670000	32.000000	4.410000	0.360000	0.200000	15.700000	-1.000000	-1.000000	0.070000	0.180000	41.599998	285.000000	-1.000000	-1.000000	17.600000	3.800000	30.200001	109.000000	7.810000
20060606	2006	6	6	16.000000	8.050000	668.000000	7.780000	1.800000	27.000000	5.650000	0.140000	0.200000	15.700000	-1.000000	-1.000000	0.110000	0.220000	35.200001	251.000000	-1.000000	-1.000000	14.200000	3.500000	24.299999	95.199997	6.460000
20060704	2006	7	4	24.400000	8.080000	566.000000	9.100000	1.300000	32.000000	2.990000	0.250000	0.130000	15.900000	-1.000000	-1.000000	0.070000	0.170000	46.200001	270.000000	-1.000000	-1.000000	24.400000	4.300000	36.099998	103.000000	7.860000
20060802	2006	8	2	22.000000	8.120000	645.000000	7.550000	5.500000	18.000000	4.170000	0.060000	0.170000	16.000000	-1.000000	-1.000000	0.090000	0.160000	44.000000	268.000000	-1.000000	-1.000000	22.100000	3.900000	33.500000	101.000000	7.610000
20060905	2006	9	5	19.500000	8.000000	702.000000	7.220000	1.900000	13.000000	6.520000	0.150000	0.180000	16.100000	-1.000000	-1.000000	0.100000	0.240000	53.000000	284.000000	-1.000000	-1.000000	19.299999	5.000000	30.400000	107.000000	8.280000
20061003	2006	10	3	16.000000	7.960000	823.000000	7.080000	1.200000	17.000000	3.060000	0.200000	0.210000	25.400000	-1.000000	-1.000000	0.100000	0.280000	44.000000	289.000000	-1.000000	-1.000000	22.000000	4.800000	36.099998	112.000000	9.030000
20061107	2006	11	7	9.000000	8.110000	1040.000000	9.040000	2.300000	27.000000	4.760000	0.260000	0.140000	18.400000	-1.000000	-1.000000	-1.000000	0.290000	48.700001	318.000000	-1.000000	-1.000000	24.900000	4.850000	40.299999	119.000000	9.670000
20061205	2006	12	5	10.800000	8.070000	913.000000	8.580000	4.500000	22.000000	5.770000	0.350000	0.270000	18.500000	-1.000000	-1.000000	-1.000000	0.300000	53.799999	285.000000	-1.000000	-1.000000	18.000000	4.700000	31.400000	113.000000	8.800000
20070103	2007	1	3	-1.000000	-1.000000	-1.000000	-1.000000	1.000000	258.000000	5.420000	0.220000	0.290000	21.000000	1.560000	-1.000000	0.540000	0.320000	-1.000000	-1.000000	-1.000000	-1.000000	-1.000000	-1.000000	-1.000000	-1.000000	-1.000000
20070206	2007	2	6	6.500000	8.050000	1014.369000	12.600000	1.800000	36.000000	4.280000	0.240000	0.140000	21.700000	0.820000	-1.000000	0.110000	0.230000	-1.000000	-1.000000	-1.000000	-1.000000	-1.000000	-1.000000	-1.000000	-1.000000	-1.000000
20070306	2007	3	6	9.600000	8.180000	668.485800	12.500000	1.700000	40.000000	4.910000	0.100000	0.130000	15.100000	0.920000	-1.000000	0.120000	0.150000	34.600000	214.000000	6.900000	4.300000	9.830000	3.450000	17.500000	83.100000	5.240000
20070403	2007	4	3	11.200000	8.000000	769.368400	8.920000	2.000000	71.000000	4.760000	0.160000	0.140000	23.300000	1.030000	-1.000000	0.160000	0.200000	-1.000000	-1.000000	9.800000	6.800000	-1.000000	-1.000000	-1.000000	-1.000000	-1.000000
20070509	2007	5	9	15.500000	8.130000	726.133000	8.200000	2.100000	21.000000	3.100000	0.370000	0.170000	21.900000	1.000000	-1.000000	0.090000	0.270000	-1.000000	-1.000000	24.300000	26.500000	-1.000000	-1.000000	-1.000000	-1.000000	-1.000000
20070605	2007	6	5	20.300000	8.020000	621.924600	7.700000	1.000000	31.000000	4.140000	0.130000	0.210000	21.900000	0.470000	-1.000000	0.120000	0.280000	-1.000000	-1.000000	6.800000	11.200000	-1.000000	-1.000000	-1.000000	-1.000000	-1.000000
20070703	2007	7	3	18.200000	7.950000	717.264200	7.000000	1.200000	28.000000	4.120000	0.160000	0.170000	17.600000	2.040000	-1.000000	0.150000	0.350000	-1.000000	-1.000000	7.700000	6.000000	-1.000000	-1.000000	-1.000000	-1.000000	-1.000000
20070807	2007	8	7	20.600000	7.940000	701.743800	6.530000	2.700000	32.000000	4.080000	0.320000	0.130000	18.800000	1.220000	-1.000000	0.140000	0.320000	37.200000	295.000000	11.200000	12.200000	19.800000	3.990000	32.800000	104.000000	7.640000
20070904	2007	9	4	17.100000	7.990000	778.237200	7.420000	1.700000	21.000000	4.710000	0.210000	0.140000	18.900000	0.580000	-1.000000	0.120000	0.270000	-1.000000	-1.000000	5.600000	4.100000	-1.000000	-1.000000	-1.000000	-1.000000	-1.000000
20071002	2007	10	2	15.600000	7.850000	813.712400	7.560000	2.000000	10.000000	3.850000	0.990000	0.310000	20.000000	1.140000	-1.000000	0.260000	0.750000	-1.000000	-1.000000	1.900000	3.400000	-1.000000	-1.000000	-1.000000	-1.000000	-1.000000
20071106	2007	11	6	10.400000	7.940000	1027.672200	9.360000	2.600000	14.000000	4.250000	0.320000	0.220000	19.500000	0.930000	-1.000000	0.130000	0.310000	-1.000000	-1.000000	-1.000000	-1.000000	-1.000000	-1.000000	-1.000000	-1.000000	-1.000000
20071204	2007	12	4	7.700000	7.930000	779.345800	10.210000	0.900000	151.000000	6.700000	0.250000	0.080000	15.400000	1.370000	-1.000000	0.360000	0.330000	-1.000000	-1.000000	-1.000000	-1.000000	-1.000000	-1.000000	-1.000000	-1.000000	-1.000000
20080108	2008	1	8	5.800000	7.980000	866.925200	11.270000	2.400000	229.000000	5.330000	0.230000	0.200000	15.100000	1.790000	-1.000000	0.460000	0.280000	-1.000000	-1.000000	-1.000000	-1.000000	-1.000000	-1.000000	-1.000000	-1.000000	-1.000000
20080205	2008	2	5	5.700000	8.010000	1035.432400	11.140000	2.000000	31.000000	4.250000	0.280000	0.150000	19.600000	0.910000	-1.000000	0.100000	0.200000	-1.000000	-1.000000	-1.000000	-1.000000	-1.000000	-1.000000	-1.000000	-1.000000	-1.000000
20080304	2008	3	4	8.800000	7.910000	620.816000	10.250000	3.300000	115.000000	7.490000	0.270000	0.170000	13.800000	2.120000	-1.000000	0.310000	0.260000	28.300000	190.000000	8.500000	10.200000	10.700000	4.310000	17.600000	71.700000	4.480000
20080708	2008	7	8	17.700000	8.110000	764.934000	8.110000	2.900000	23.000000	3.420000	0.200000	0.170000	21.200000	0.730000	-1.000000	0.110000	0.210000	37.400000	291.000000	9.000000	7.000000	18.500000	5.250000	32.200000	112.000000	7.580000
20080710	2008	7	10	18.800000	8.090000	732.784600	8.130000	3.200000	48.000000	4.390000	0.230000	0.200000	21.300000	0.200000	-1.000000	0.110000	0.150000	36.500000	302.000000	5.300000	11.200000	18.100000	5.180000	31.400000	114.000000	7.670000
20080805	2008	8	5	21.300000	8.080000	671.811600	7.170000	1.900000	25.000000	3.940000	0.170000	0.190000	19.500000	0.960000	-1.000000	0.190000	0.240000	36.100000	282.000000	8.200000	1.900000	8.860000	5.830000	32.400000	103.000000	7.870000
20080812	2008	8	12	20.500000	8.110000	702.852400	7.430000	2.900000	18.000000	4.810000	0.120000	0.160000	18.700000	0.780000	-1.000000	0.140000	0.280000	37.900000	290.000000	5.900000	5.700000	19.700000	6.370000	33.100000	106.000000	7.980000
20080902	2008	9	2	18.600000	8.060000	769.368400	7.550000	3.500000	31.000000	4.180000	0.210000	0.180000	20.800000	0.760000	-1.000000	0.130000	0.280000	39.200000	301.000000	5.900000	2.500000	20.100000	5.350000	35.000000	115.000000	8.730000
20080909	2008	9	9	17.700000	7.530000	795.974800	8.300000	2.400000	23.000000	3.860000	0.120000	0.130000	21.800000	0.510000	-1.000000	0.130000	0.280000	42.000000	304.000000	3.900000	2.000000	21.700000	4.990000	35.200000	117.000000	8.570000
20080910	2008	9	10	-1.000000	-1.000000	-1.000000	-1.000000	-1.000000	-1.000000	9500.000000	-1.000000	-1.000000	-1.000000	-1.000000	-1.000000	-1.000000	-1.000000	-1.000000	-1.000000	-1.000000	-1.000000	-1.000000	-1.000000	-1.000000	-1.000000	-1.000000
20081007	2008	10	7	13.400000	8.170000	844.753200	9.080000	3.500000	25.000000	4.400000	0.330000	0.200000	21.700000	0.840000	-1.000000	0.120000	0.240000	35.700000	295.000000	4.500000	2.700000	18.500000	5.940000	31.500000	114.000000	7.720000
20081014	2008	10	14	13.500000	8.090000	762.716800	8.960000	0.800000	18.000000	4.610000	0.310000	0.220000	18.200000	1.030000	-1.000000	0.120000	0.270000	38.600000	281.000000	2.300000	3.700000	17.100000	5.700000	27.300000	98.300000	7.380000
20081104	2008	11	4	9.900000	8.360000	854.000000	9.970000	1.400000	21.000000	5.160000	0.200000	0.190000	16.800000	0.910000	-1.000000	0.140000	0.220000	39.500000	277.000000	1.900000	4.000000	14.700000	5.320000	24.800000	104.000000	7.920000
20081118	2008	11	18	9.500000	8.330000	805.000000	10.020000	2.500000	23.000000	4.900000	0.220000	0.170000	16.100000	1.010000	-1.000000	0.130000	0.220000	35.000000	266.000000	2.600000	4.200000	13.200000	4.850000	22.000000	98.000000	7.220000
20081202	2008	12	2	5.400000	8.220000	774.000000	11.420000	4.900000	31.000000	3.930000	0.300000	0.140000	17.600000	0.800000	-1.000000	0.110000	0.210000	36.100000	264.000000	3.100000	3.200000	14.500000	4.240000	26.600000	94.700000	7.150000
20081209	2008	12	9	4.800000	8.390000	686.000000	11.790000	4.100000	88.000000	6.110000	0.190000	0.120000	13.000000	1.040000	-1.000000	0.240000	0.230000	27.600000	177.000000	2.900000	6.300000	9.330000	3.890000	17.400000	71.000000	4.610000
20090113	2009	1	13	0.500000	8.400000	1293.000000	12.940000	3.500000	24.000000	3.380000	0.500000	0.120000	22.900000	0.890000	-1.000000	0.120000	0.210000	41.800000	312.000000	3.000000	1.900000	16.900000	3.580000	31.600000	118.000000	8.510000
20090120	2009	1	20	4.800000	8.170000	1093.000000	11.390000	3.400000	97.000000	4.130000	0.310000	0.120000	21.200000	1.220000	-1.000000	0.220000	0.200000	44.600000	286.000000	4.400000	2.900000	16.900000	4.290000	31.000000	121.000000	8.490000
20090203	2009	2	3	2.900000	7.520000	1099.000000	11.610000	3.600000	39.000000	4.930000	0.280000	0.090000	18.100000	1.040000	-1.000000	0.110000	0.180000	46.000000	274.000000	3.100000	2.600000	15.100000	4.080000	28.800000	109.000000	7.600000
20090210	2009	2	10	5.000000	7.670000	1024.000000	11.470000	2.800000	51.000000	4.380000	0.290000	0.110000	19.300000	1.250000	-1.000000	0.180000	0.190000	42.000000	275.000000	3.700000	3.300000	14.800000	3.940000	28.700000	110.000000	7.230000
20090303	2009	3	3	7.800000	7.950000	627.000000	11.080000	3.100000	32.000000	3.380000	0.200000	0.130000	21.400000	0.720000	-1.000000	0.080000	0.100000	37.500000	296.000000	7.600000	3.600000	13.100000	2.960000	26.000000	115.000000	7.790000
20090310	2009	3	10	7.900000	8.160000	609.000000	11.070000	2.600000	41.000000	3.410000	0.180000	0.100000	19.900000	0.850000	-1.000000	0.070000	0.100000	39.600000	286.000000	11.200000	5.700000	12.900000	3.810000	25.700000	109.000000	7.760000
20090401	2009	4	1	9.600000	8.010000	482.000000	10.620000	3.800000	44.000000	5.020000	0.160000	0.110000	15.600000	1.250000	-1.000000	0.080000	0.160000	32.700000	226.000000	9.600000	5.200000	11.100000	3.050000	19.400000	86.300000	5.810000
20090407	2009	4	7	12.600000	8.070000	613.000000	9.850000	3.200000	18.000000	3.230000	0.230000	0.220000	19.300000	0.750000	-1.000000	0.100000	0.190000	39.200000	289.000000	6.400000	5.000000	14.500000	3.160000	26.200000	106.000000	7.410000
20090505	2009	5	5	13.800000	8.190000	621.000000	10.200000	3.200000	21.000000	3.160000	0.070000	0.100000	19.100000	0.770000	-1.000000	0.070000	0.050000	34.800000	293.000000	29.400000	14.200000	14.600000	3.750000	26.300000	110.000000	7.590000
20090512	2009	5	12	14.800000	8.090000	637.000000	8.670000	3.500000	18.000000	3.200000	0.140000	0.200000	20.200000	1.270000	-1.000000	0.090000	0.200000	36.600000	295.000000	11.500000	10.700000	16.800000	4.030000	29.000000	111.000000	7.740000
20090603	2009	6	3	18.800000	8.100000	621.000000	8.290000	0.500000	18.000000	4.400000	0.110000	0.160000	18.900000	0.910000	-1.000000	0.090000	0.210000	35.700000	291.000000	9.200000	5.000000	16.500000	3.840000	28.400000	109.000000	7.310000
20090609	2009	6	9	16.000000	8.160000	642.000000	8.910000	2.800000	38.000000	2.830000	0.140000	0.130000	20.100000	0.330000	-1.000000	0.110000	0.200000	37.800000	302.000000	13.900000	17.000000	17.300000	3.860000	30.600000	117.000000	7.900000
20090701	2009	7	1	22.600000	8.220000	642.000000	8.380000	1.400000	22.000000	2.660000	0.040000	0.110000	20.500000	0.870000	-1.000000	0.080000	0.110000	36.100000	302.000000	13.300000	15.700000	17.100000	4.690000	30.800000	112.000000	7.390000
20090707	2009	7	7	21.900000	8.250000	639.000000	8.480000	2.500000	30.000000	3.010000	0.140000	0.100000	18.900000	1.070000	-1.000000	0.100000	0.110000	37.800000	286.000000	26.500000	22.300000	19.700000	5.000000	33.500000	107.000000	7.940000
20090804	2009	8	4	20.500000	8.230000	633.000000	8.370000	1.400000	15.000000	3.040000	0.140000	0.130000	20.000000	1.270000	-1.000000	0.090000	0.190000	38.100000	285.000000	11.200000	7.300000	20.000000	5.970000	33.200000	106.000000	7.960000
20090811	2009	8	11	21.600000	8.290000	653.000000	9.870000	4.000000	20.000000	2.900000	0.170000	0.070000	18.400000	0.780000	-1.000000	0.080000	0.120000	39.100000	293.000000	31.600000	25.400000	21.200000	5.770000	37.200000	107.000000	8.140000
20090901	2009	9	1	18.600000	8.100000	654.000000	7.820000	1.000000	31.000000	2.490000	0.140000	0.140000	20.500000	0.870000	-1.000000	0.090000	0.210000	35.600000	301.000000	4.300000	4.100000	16.100000	6.550000	30.800000	111.000000	8.310000
20090908	2009	9	8	18.200000	8.130000	664.000000	8.460000	1.200000	13.000000	2.780000	0.140000	0.150000	20.600000	0.800000	-1.000000	0.070000	0.200000	44.300000	302.000000	2.200000	2.300000	23.500000	6.740000	36.500000	109.000000	8.260000
20091006	2009	10	6	14.600000	8.090000	718.000000	8.290000	1.600000	13.000000	2.660000	0.320000	0.170000	22.100000	0.790000	-1.000000	0.110000	0.270000	50.400000	306.000000	1.900000	2.300000	28.500000	6.630000	43.000000	112.000000	8.720000
20091013	2009	10	13	13.800000	8.010000	691.000000	8.520000	1.700000	17.000000	2.980000	0.230000	0.210000	19.200000	0.800000	-1.000000	0.100000	0.240000	47.900000	303.000000	2.100000	3.700000	25.100000	6.590000	38.200000	109.000000	8.240000
20091103	2009	11	3	11.100000	8.010000	706.000000	8.880000	0.600000	15.000000	2.850000	0.280000	0.210000	18.200000	0.860000	-1.000000	0.110000	0.250000	52.900000	323.000000	2.200000	3.400000	24.900000	5.810000	38.800000	114.000000	9.060000
20091124	2009	11	24	10.500000	8.060000	654.000000	9.500000	1.400000	36.000000	3.240000	0.460000	0.250000	18.100000	0.950000	-1.000000	0.190000	0.320000	49.100000	297.000000	1.900000	3.300000	19.000000	5.450000	33.300000	111.000000	8.410000
20091202	2009	12	2	7.600000	8.080000	542.000000	10.750000	1.300000	69.000000	4.370000	0.160000	0.170000	16.700000	1.060000	-1.000000	0.270000	0.260000	39.400000	236.000000	3.200000	8.500000	15.000000	5.160000	25.700000	91.000000	5.920000
20091208	2009	12	8	7.800000	8.070000	543.000000	10.830000	1.700000	46.000000	4.280000	0.230000	0.170000	17.200000	1.030000	-1.000000	0.170000	0.250000	41.000000	239.000000	2.800000	6.000000	33.300000	4.760000	24.100000	91.100000	6.360000
