Date	Annee	Mois	jour	Cmes(mg/l)	Cnitrate(mg/l)	Q(m3/s)
23/01/1995	1995	1	23	84.7	30.4	602
25/02/1995	1995	2	25	37.9	27.6	629
23/03/1995	1995	3	23	81.8	26.4	789
24/04/1995	1995	4	24	17.6	28.2	391
16/05/1995	1995	5	16	14.9	26.0	354
17/06/1995	1995	6	17	12.4	27.8	160
18/07/1995	1995	7	18	8.2		21.7	116
19/08/1995	1995	8	19	8.0		19.4	87
20/09/1995	1995	9	20	8.0		19.3	132
22/10/1995	1995	10	22	7.6		22.0	125
16/11/1995	1995	11	16	4.7		26.5	111
13/12/1995	1995	12	13	2.8		26.3	106
10/01/1996	1996	1	10	23.0	28.8	255
15/02/1996	1996	2	15	25.0	28		449
20/03/1996	1996	3	20	8.5		29.6	145
15/04/1996	1996	4	15	11.6	24.6	109
11/05/1996	1996	5	11	15.3	19.5	80
09/06/1996	1996	6	9	6.4		20.9	85.9
11/07/1996	1996	7	11	12		17.8	75.4
12/08/1996	1996	8	12	13.6	12.8	79.2
12/09/1996	1996	9	12	11.1	15.6	64.1
15/10/1996	1996	10	15	3.2		15.3	87.9
16/11/1996	1996	11	16	37.3	21.3	273
15/12/1996	1996	12	15	21.2	31.3	396
16/01/1997	1997	1	16	5.6		32.4	136
19/02/1997	1997	2	19	36.5	28.6	301
18/03/1997	1997	3	18	10.3	30		210
19/04/1997	1997	4	19	11.9	26		105
16/05/1997	1997	5	16	9.8		21.8	146
12/06/1997	1997	6	12	9.6		22.6	79
16/07/1997	1997	7	16	15.4	22.1	120
10/08/1997	1997	8	10	14		18.9	102
13/09/1997	1997	9	13	9		16.6	115
12/10/1997	1997	10	12	6.8		17.7	127
08/11/1997	1997	11	8	5.2		19.7	126
09/12/1997	1997	12	9	14		32.4	226
09/01/1998	1998	1	9	120		31		493
01/02/1998	1998	2	1	15.9	31.6	336
26/02/1998	1998	2	26	4.9		31.5	151
20/03/1998	1998	3	20	5.6		26.6	151
22/04/1998	1998	4	22	87.5	22.7	534
18/05/1998	1998	5	18	11		25.6	229
15/06/1998	1998	6	15	12		21.2	126
06/07/1998	1998	7	6	7.4		22.3	77.7
30/07/1998	1998	7	30	6.8		21.6	70.7
30/08/1998	1998	8	30	6.5		16.2	68.4
30/09/1998	1998	9	30	8.2		15.5	110
03/11/1998	1998	11	3	55.8	25.8	381
01/12/1998	1998	12	1	8.3		27.4	259
02/01/1999	1999	1	2	11.5	31.2	206
02/02/1999	1999	2	2	54.3	25.3	416
01/03/1999	1999	3	1	50.2	22.4	632
03/04/1999	1999	4	3	20.4	24		353
29/04/1999	1999	4	29	12.8	23.7	299
25/05/1999	1999	5	25	20.3	24.5	227
23/06/1999	1999	6	23	9.2		26.2	104
26/07/1999	1999	7	26	12.5	20.7	86.9
29/08/1999	1999	8	29	8.5		18.6	82.2
30/09/1999	1999	9	30	13.6	18		151
26/10/1999	1999	10	26	8.6		21.9	141
20/11/1999	1999	11	20	5.6		25.8	113
27/12/1999	1999	12	27	100		26.9	712
22/01/2000	2000	1	22	11		27.7	399
07/02/2000	2000	2	7	13.2	29.5	303
04/03/2000	2000	3	4	34.2	24.1	627
30/03/2000	2000	3	30	10		28.9	247
30/04/2000	2000	4	30	23.1	24		358
29/05/2000	2000	5	29	12		28		140
01/07/2000	2000	7	1	13.1	27		92.8
05/08/2000	2000	8	5	14.8	21.9	188
02/09/2000	2000	9	2	10		22.4	149
08/10/2000	2000	10	8	10		21.5	182
01/11/2000	2000	11	1	9.4		25.6	221
01/12/2000	2000	12	1	70.5	24.1	486
28/12/2000	2000	12	28	12.5	29.4	373
28/01/2001	2001	1	28	61		25.8	505
25/02/2001	2001	2	25	6.9		34.4	280
27/03/2001	2001	3	27	41.7	21.8	832
26/04/2001	2001	4	26	23.4	20.3	684
02/06/2001	2001	6	2	9		27.5	248
10/07/2001	2001	7	10	24.1	23.4	240
08/08/2001	2001	8	8	11.2	23.2	215
06/09/2001	2001	9	6	5.5		24.4	161
05/10/2001	2001	10	5	18.5	25.7	296
28/10/2001	2001	10	28	18.4	24.9	278
24/11/2001	2001	11	24	5.1		30.9	181
27/12/2001	2001	12	27	3.4		33.2	205
26/01/2002	2002	1	26	11.8	31.3	330
27/02/2002	2002	2	27	52.3	24.7	649
20/03/2002	2002	3	20	16		31.4	472
22/04/2002	2002	4	22	7		30		164
21/05/2002	2002	5	21	9.1		27		123
20/06/2002	2002	6	20	9.1		26		93.3
26/07/2002	2002	7	26	6.9		24		81.4
22/08/2002	2002	8	22	7.7		20.7	101
22/09/2002	2002	9	22	4.7		20.2	91.2
13/10/2002	2002	10	13	2.3		20.9	119
18/11/2002	2002	11	18	32		28.2	373
15/12/2002	2002	12	15	5.6		30.2	194
16/01/2003	2003	1	16	17.7	28.9	498
07/02/2003	2003	2	7	105		25.9	756
28/02/2003	2003	2	28	5.3		31.8	230
30/03/2003	2003	3	30	5.8		31.3	174
25/04/2003	2003	4	25	5.1		28.9	115
25/05/2003	2003	5	25	10.1	26.9	141
20/06/2003	2003	6	20	8.5		25		87.5
20/07/2003	2003	7	20	7.4		20.4	77.9
22/08/2003	2003	8	22	6.9		17		70.3
18/09/2003	2003	9	18	5.4		18.8	70.6
22/10/2003	2003	10	22	2.7		22.3	64.1
23/11/2003	2003	11	23	2		25.4	97.2
20/12/2003	2003	12	20	3.1		35.7	128
12/01/2004	2004	1	12	19.6	32.5	207
11/02/2004	2004	2	11	15.6	28.9	313
07/03/2004	2004	3	7	3.1		30.7	151
10/04/2004	2004	4	10	5.7		28.7	132
14/05/2004	2004	5	14	21		24.3	188
12/06/2004	2004	6	12	11.6	23.5	103
02/07/2004	2004	7	2	7.8		23.6	64.1
29/07/2004	2004	7	29	7.4		20.7	86.9
02/09/2004	2004	9	2	9.4		18.3	131
02/10/2004	2004	10	2	5.7		19.9	92
04/11/2004	2004	11	4	5.1		19.2	185
16/12/2004	2004	12	16	1.8		26.5	86
